1 iDSE 0.20134302268227677 24.659822231186414
1 iDSE 1.1576607946479025 21.98451254098727
1 iDSE 0.42520248045329123 21.508224351434787
1 iDSE 1.205691558937021 18.511048426209193
1 iDSE 0.5189323381866786 17.90364893965039
1 iDSE 1.2795905804456504 14.699155487183056
1 iDSE 0.33597586063391427 22.729064157882902
1 iDSE 1.1931788537169261 20.221683865543994
1 iDSE 0.529076379181433 19.918099585556146
1 iDSE 1.2478853160001515 17.17608722354284
1 iDSE 0.612857129968402 16.662045406654702
1 iDSE 1.3244977632844104 13.7194741738531
1 iDSE 1.1008248926888755 14.423595646410288
1 iDSE 1.233013582988694 14.364505861040616
1 iDSE 1.1958808145510975 12.718933630913257
1 iDSE 1.2951216513893655 12.650683914875486
1 iDSE 1.3476006140138943 10.593224659808216
1 iDSE 1.375423279079206 10.552584912482603
1 iDSE 0.2150069635448113 24.55289444602505
1 iDSE 1.1419556230207872 22.013454059805415
1 iDSE 0.4455253119384923 21.272590175554683
1 iDSE 1.1857478711387355 18.530314765696737
1 iDSE 0.5503628648952967 17.59129758465751
1 iDSE 1.2754387410137258 14.704280348319474
1 iDSE 0.35618807962702337 22.592472308896077
1 iDSE 1.1939742993169182 20.24383509661611
1 iDSE 0.5528174155198906 19.73279229141927
1 iDSE 1.2481167409396052 17.126852470587018
1 iDSE 0.6401424471423911 16.387158894323154
1 iDSE 1.3256235272638959 13.71792886716251
1 iDSE 1.1058302030178537 14.420417253448427
1 iDSE 1.240665469943559 14.390643035342096
1 iDSE 1.2064536260262928 12.705001957424683
1 iDSE 1.2948153863772536 12.64278984509118
1 iDSE 1.3545156629621249 10.546352376208219
1 iDSE 1.3727981141090742 10.559895466773982
1 iDSE 0.20783925557439042 24.545763308447157
1 iDSE 0.0 0.0
1 iDSE 0.43209668092801 21.399599120229773
1 iDSE 1.2185957236939515 18.41380627389637
1 iDSE 0.5155417188042055 17.85842672732467
1 iDSE 1.2916725664903899 14.601045178895035
1 iDSE 0.0 0.0
1 iDSE 1.2167754636864352 20.130961883693114
1 iDSE 0.5351953161691783 19.830498670294375
1 iDSE 1.2703628309534944 17.068816864147735
1 iDSE 0.6188378483341717 16.577002051827883
1 iDSE 1.3392848988605075 13.608532896870354
1 iDSE 1.1222185823921826 14.33685943129357
1 iDSE 1.2535685249107567 14.298321488666659
1 iDSE 1.218023459690091 12.652476995361237
1 iDSE 1.3096536004857935 12.574695498663836
1 iDSE 1.3663236497496305 10.542793295467625
1 iDSE 1.3902002646836684 10.468084156307237
1 iDSE 0.0 0.0
1 iDSE 1.1554680405816136 21.95486832930709
1 iDSE 0.45785109169034754 21.256628649491773
1 iDSE 1.2117259484387461 18.41221719283044
1 iDSE 0.548346592784009 17.56061432606472
1 iDSE 1.2871295231333546 14.611939800150731
1 iDSE 0.3608674091083217 22.55444021300266
1 iDSE 1.2195071953060252 20.15602439698614
1 iDSE 0.5643646992983138 19.64413682766304
1 iDSE 1.2708106395263314 17.03079037828655
1 iDSE 0.6506359372342734 16.32106996836565
1 iDSE 1.347902743784128 13.609890306221166
1 iDSE 0.0 0.0
1 iDSE 1.2570907563034472 14.351650958135634
1 iDSE 1.2286459056318089 12.621423971455123
1 iDSE 1.3180879031746389 12.59068002361787
1 iDSE 1.3699923665270233 10.489446984484587
1 iDSE 1.3922172602748737 10.481393794009032
1 iDSE 0.21119784708711276 21.525674656948816
1 iDSE 1.1930589554268245 18.573084776105414
1 iDSE 0.4278751448981115 9.268767284233974
1 iDSE 1.2369158188184621 6.521478764120729
1 iDSE 0.5349731123192356 5.397121641903231
1 iDSE 1.3408161899611568 3.518140174308747
1 iDSE 0.3481987476326247 19.8454297425181
1 iDSE 1.2370799656152882 17.15070354508734
1 iDSE 0.5415205913204555 8.492737652604442
1 iDSE 1.2848066254119925 6.157615964871634
1 iDSE 0.6382679450050317 4.9478851894241656
1 iDSE 1.3946072936021436 3.3319725533293454
1 iDSE 1.1381111189367172 12.611767642402146
1 iDSE 1.2724370880763556 12.498547984513824
1 iDSE 1.2303124305235862 5.355540910013191
1 iDSE 1.327340356374076 5.191695138857789
1 iDSE 1.4137392544192986 2.9605686183025726
1 iDSE 1.4371672136651803 2.921479599250981
1 iDSE 0.23079414393618425 21.42188521088046
1 iDSE 1.1793691355765583 18.54872611364571
1 iDSE 0.4585277835096242 9.078964488970287
1 iDSE 1.2277983812467204 6.476312056928274
1 iDSE 0.5760846663376495 5.270142296147021
1 iDSE 1.3341540637773948 3.5363343641894254
1 iDSE 0.37164173605379136 19.731901762957747
1 iDSE 1.233721821853873 17.114767646385367
1 iDSE 0.5737789492759329 8.344680836410909
1 iDSE 1.284698614047187 6.132156155710863
1 iDSE 0.6775493520583784 4.833535020620867
1 iDSE 1.40775412818051 3.3188120589326537
1 iDSE 1.1262909813275184 12.647033520506286
1 iDSE 1.2773352308395127 12.522634885829401
1 iDSE 1.2304350840932718 5.354719213850385
1 iDSE 1.3292606834171616 5.2087577795942925
1 iDSE 1.4108381390590359 2.9578843709178906
1 iDSE 1.4515453662590847 2.9198913203501373
1 iDSE 0.20726104610851803 21.491446650613558
1 iDSE 1.1850632699384098 18.534380832776872
1 iDSE 0.42204093226721207 9.256877819738339
1 iDSE 1.2287624639563357 6.502742220468698
1 iDSE 0.5287328017211761 5.377761108717934
1 iDSE 1.3342006473778913 3.511066156799865
1 iDSE 0.3425441034183805 19.799484112457375
1 iDSE 1.232433730172799 17.10463771214518
1 iDSE 0.5352337656970043 8.47973183621648
1 iDSE 1.2800392127922695 6.141784656506093
1 iDSE 0.6316204852515526 4.9309005998613955
1 iDSE 1.3878459635983926 3.3223973530980864
1 iDSE 1.131507744744206 12.583476231206836
1 iDSE 1.2673446490347864 12.447885363722113
1 iDSE 1.222611412026135 5.359635072170758
1 iDSE 1.3217689491651514 5.182625198250533
1 iDSE 1.4044701784165738 2.9539413883892998
1 iDSE 1.4313145222480577 2.913852728305705
1 iDSE 0.22719796370261514 21.417347511521626
1 iDSE 1.1714267404040113 18.530808610147957
1 iDSE 0.45332273272449797 9.085146215120133
1 iDSE 1.2193412762257254 6.475908191165259
1 iDSE 0.5719421430362652 5.260853269015428
1 iDSE 1.3239961308749195 3.5335005145824248
1 iDSE 0.36762948992472566 19.71559055836831
1 iDSE 1.2240314680463191 17.08721771643634
1 iDSE 0.5692629173876882 8.340197696784642
1 iDSE 1.274713238961466 6.1258165732263175
1 iDSE 0.6724503545800731 4.823957157464182
1 iDSE 1.4010140199023136 3.3162228612442517
1 iDSE 1.1198656137520446 12.628178342097026
1 iDSE 1.2719393246728892 12.482082099878879
1 iDSE 1.2229613411983382 5.3565215710189
1 iDSE 1.3237486185335277 5.195930061645947
1 iDSE 1.4021792748366733 2.957086041498953
1 iDSE 1.4457541112780437 2.914326038006615
1 iDSE 0.22181106078578372 22.60649841401823
1 iDSE 1.187126877997506 20.11510753898407
1 iDSE 0.44693938933084576 19.8792101955601
1 iDSE 1.2368248740357242 17.147773739083526
1 iDSE 0.5421247622883694 16.680101059696284
1 iDSE 1.310453086174042 13.827045448998941
1 iDSE 0.3661720123791179 20.946540218963186
1 iDSE 1.2342063610282286 18.629259957268953
1 iDSE 0.5601905433073451 18.531359138696253
1 iDSE 1.2864507926594055 15.968127713823556
1 iDSE 0.6433305661531963 15.561961277628718
1 iDSE 1.3623873920936704 12.957161881494194
1 iDSE 1.1649995019981514 13.513684565912467
1 iDSE 1.289237216934859 13.471590571445576
1 iDSE 1.2576660887237856 12.028532610445119
1 iDSE 1.351757242137953 11.941584182536829
1 iDSE 1.405463508206224 10.087588867937235
1 iDSE 1.4239351155016862 10.068973739893796
1 iDSE 0.23611578305801006 22.460892203883255
1 iDSE 1.1807719497425708 20.048015080461717
1 iDSE 0.4682693265515274 19.6881691923197
1 iDSE 1.2217867394946365 17.099566367075425
1 iDSE 0.5709029493908753 16.48849681852388
1 iDSE 1.29982941375795 13.805701782720469
1 iDSE 0.3830632481977585 20.78221487958426
1 iDSE 1.233315100061199 18.60570284204454
1 iDSE 0.5811998236299079 18.298803349239215
1 iDSE 1.2847870997523283 15.963102449364314
1 iDSE 0.6677101151802916 15.422067884197766
1 iDSE 1.3518411760603701 12.944470805664611
1 iDSE 1.156088288634595 13.51616692508931
1 iDSE 1.286290150996214 13.506043315496571
1 iDSE 1.2563364333873075 12.033493305626195
1 iDSE 1.3402826911027121 11.96149554878846
1 iDSE 1.4048683147277377 10.087663585564995
1 iDSE 1.4144043683762555 10.084815163226299
1 iDSE 0.23098593581773663 22.519366759482068
1 iDSE 1.2054520809015723 20.062839667543862
1 iDSE 0.45642955962288445 19.757600900187363
1 iDSE 1.2523261699442791 17.06662945280308
1 iDSE 0.5409164697587765 16.603275608042708
1 iDSE 1.3259716078392683 13.73474592265476
1 iDSE 0.3735219089560784 20.87123047252589
1 iDSE 1.2573910380367277 18.54863132564724
1 iDSE 0.5673632047813839 18.431394288206025
1 iDSE 1.3101230892630116 15.876814946683023
1 iDSE 0.6513845611389981 15.44346783141463
1 iDSE 1.3794968780459267 12.850250990303604
1 iDSE 1.1883922966848885 13.471213029502131
1 iDSE 1.3131059510540988 13.414330008037943
1 iDSE 1.2818427670981394 11.961425254762633
1 iDSE 1.367557299084981 11.87025962816544
1 iDSE 1.4268740795537918 10.002885024756988
1 iDSE 1.4414575558052372 9.997258942170655
1 iDSE 0.24615879903853055 22.410318692933007
1 iDSE 1.1981800213103528 19.957643455582513
1 iDSE 0.4839652958675089 19.60764750417099
1 iDSE 1.251995586594048 16.979541898826053
1 iDSE 0.5726918655908708 16.422819391387332
1 iDSE 1.3162208612519612 13.720145282535617
1 iDSE 0.38988011269097433 20.742855266484934
1 iDSE 1.2633184853998318 18.528453785701444
1 iDSE 0.5952483672363797 18.225065837547973
1 iDSE 1.311881644389305 15.855148904751367
1 iDSE 0.6813414909690059 15.337883667346563
1 iDSE 1.3762935315860076 12.850175131042855
1 iDSE 1.1902428779738523 13.482442943482294
1 iDSE 1.3079266397749554 13.471403361266976
1 iDSE 1.2838404703794573 11.975666043666962
1 iDSE 1.3690070875933102 11.90694222723175
1 iDSE 1.4251805184128212 10.027982001686338
1 iDSE 1.4370497610764823 10.014441300170025
1 iDSE 0.2296423678273991 20.095983151325793
1 iDSE 1.2090181363894135 17.344360358762415
1 iDSE 0.44842497074321974 8.933236785235197
1 iDSE 1.2575425897010066 6.285716433840469
1 iDSE 0.5556004403700574 5.270087501450804
1 iDSE 1.366879088911038 3.418840761956619
1 iDSE 0.3721908389851114 18.519942088734663
1 iDSE 1.2602302447059937 16.022818562137886
1 iDSE 0.5662353235636282 8.175406718934248
1 iDSE 1.3115052402181466 5.926031883716361
1 iDSE 0.6596151591532093 4.817134196497425
1 iDSE 1.4262600596966695 3.226475829856943
1 iDSE 1.1860663238751101 11.982214417009747
1 iDSE 1.3118980775063336 11.850598830176333
1 iDSE 1.2776916210475373 5.201490805087478
1 iDSE 1.3663422949918695 5.038975987613968
1 iDSE 1.4561911061287138 2.8853295829024583
1 iDSE 1.4831374681834357 2.8402617965297376
1 iDSE 0.2441523915510897 20.07249275261136
1 iDSE 1.1944794575751758 17.22582680087948
1 iDSE 0.4725225913418105 8.80706124801974
1 iDSE 1.248592591295398 6.25292591439628
1 iDSE 0.5893922077682141 5.162122704263684
1 iDSE 1.3492788563204137 3.459598372944221
1 iDSE 0.38876744256874995 18.485454479542216
1 iDSE 1.2531212644187533 15.964316878787962
1 iDSE 0.5922562498785842 8.07548025288458
1 iDSE 1.3040149423539278 5.929353320493145
1 iDSE 0.6944633319117575 4.727206394219862
1 iDSE 1.4285451974362675 3.249220332032202
1 iDSE 1.1679124471847184 12.024673881817838
1 iDSE 1.3073927396162048 11.861394006412683
1 iDSE 1.2710014937011498 5.219636049881548
1 iDSE 1.3594034792844623 5.054397560615393
1 iDSE 1.4482997931173087 2.9149035811083452
1 iDSE 1.4879090148430416 2.8598116408003142
1 iDSE 0.22646135517573462 20.014464925595778
1 iDSE 1.2031104836539877 17.26692697353337
1 iDSE 0.447806698868338 8.903721088590341
1 iDSE 1.2547432765357054 6.267849596898236
1 iDSE 0.5580468635053786 5.255521591353174
1 iDSE 1.3661275315323396 3.4068310940881474
1 iDSE 0.37074060130104214 18.431566293612132
1 iDSE 1.2566202661447212 15.938014914078611
1 iDSE 0.5662063475659782 8.13645085175232
1 iDSE 1.3107959352611291 5.903172754733254
1 iDSE 0.662590344020918 4.807931971007131
1 iDSE 1.4250284760832703 3.2160790274072184
1 iDSE 1.1858343705158618 11.922757509281476
1 iDSE 1.3122769974590858 11.78157542681738
1 iDSE 1.2755721681289418 5.17842106592898
1 iDSE 1.3670347272959358 5.0102223645208435
1 iDSE 1.4549638357127543 2.878112412931351
1 iDSE 1.4832576484401971 2.8287596080106927
1 iDSE 0.2397945597459601 20.0560975984206
1 iDSE 1.1888074323488445 17.235938492848277
1 iDSE 0.4709936548751332 8.810892315103668
1 iDSE 1.2443378400685523 6.266409044636753
1 iDSE 0.590652027143598 5.1542307035903665
1 iDSE 1.3468238931418233 3.454918897808586
1 iDSE 0.3856121917458315 18.46369566289653
1 iDSE 1.2460235087668687 15.961793310885149
1 iDSE 0.5910995615546539 8.067493771651359
1 iDSE 1.301105541822697 5.929566839418032
1 iDSE 0.6959622498056424 4.715376166856942
1 iDSE 1.4233637751351358 3.242230305835009
1 iDSE 1.166060100944521 12.007009977817368
1 iDSE 1.3040478708835406 11.814045756740423
1 iDSE 1.2692482266741036 5.206194327434982
1 iDSE 1.357883939315037 5.035306122395997
1 iDSE 1.4470907042256234 2.906261849700372
1 iDSE 1.4882693113067775 2.8504316368812557
1 iDSE 0.20446839344569967 21.661660416589577
1 iDSE 1.1524719726722288 19.22544790555504
1 iDSE 0.4245927436340695 19.043264829300124
1 iDSE 1.2012522145184232 16.42401098701399
1 iDSE 0.5087636159251887 15.999010029248478
1 iDSE 1.2704131198360122 13.237601910979935
1 iDSE 0.3357633900597914 20.018843464468247
1 iDSE 1.1950401490205906 17.800028285176865
1 iDSE 0.5261927243737454 17.728021683102615
1 iDSE 1.2393240190060224 15.267065407705704
1 iDSE 0.606550299389554 14.969335959174053
1 iDSE 1.3220947370066654 12.377582217782438
1 iDSE 1.1114613826449609 13.059470515527638
1 iDSE 1.2375484870444198 12.978468271123644
1 iDSE 1.2038039595801675 11.603095523589644
1 iDSE 1.2905966401396483 11.485666355076889
1 iDSE 1.3472452675705404 9.762972101746875
1 iDSE 1.363615861241298 9.661280066301806
1 iDSE 0.22302835888728256 21.544901808282
1 iDSE 1.1479834409689391 19.36243624726263
1 iDSE 0.4456353509808897 18.881513875705384
1 iDSE 1.1975289325612555 16.51152845130094
1 iDSE 0.5386692389555487 15.749727626033263
1 iDSE 1.252363470767266 13.315725322078661
1 iDSE 0.3509410757327067 19.978972358507683
1 iDSE 1.1874653592235114 17.939719429010182
1 iDSE 0.5491782022047444 17.609665639334235
1 iDSE 1.2369441189792894 15.36690837037266
1 iDSE 0.6322693770189407 14.741447773726215
1 iDSE 1.303250749850747 12.441631002028089
1 iDSE 1.1029417183918122 13.101580790001329
1 iDSE 1.2322763549734597 13.087581326961692
1 iDSE 1.1948445415372984 11.622718238752629
1 iDSE 1.2759100410822501 11.575992663032133
1 iDSE 1.3409607934104821 9.702656367424577
1 iDSE 1.3639592096296171 9.68871455030023
1 iDSE 0.2134201336730932 21.614096636134057
1 iDSE 1.1755288901236285 19.211395650563052
1 iDSE 0.4297411029096303 18.97106954555645
1 iDSE 1.2201434819023138 16.368985576892555
1 iDSE 0.5173702065499308 15.95537395387078
1 iDSE 1.2893716258012917 13.165261653762679
1 iDSE 0.34576479105298263 19.984956159971507
1 iDSE 1.2166687959874367 17.76724977535451
1 iDSE 0.5413768618147865 17.65915540515868
1 iDSE 1.267666948454187 15.205673731158875
1 iDSE 0.6171812527804239 14.903320419825981
1 iDSE 1.3400719294369088 12.314754832615893
1 iDSE 1.1325654634446911 13.030940444639214
1 iDSE 1.2613839159643088 12.96486399413905
1 iDSE 1.2227376718672183 11.563710124213397
1 iDSE 1.3125877206445211 11.453639819711375
1 iDSE 1.3683883206581857 9.719164120126974
1 iDSE 1.3861473614506599 9.616438327891014
1 iDSE 0.2324319058633626 21.56233835606962
1 iDSE 1.174228645751509 19.343127718678875
1 iDSE 0.4581313300169516 18.890657242606668
1 iDSE 1.217022413958441 16.472139387918656
1 iDSE 0.5528959852095967 15.717649484688184
1 iDSE 0.0 0.0
1 iDSE 0.3680382407116245 19.992009821374584
1 iDSE 1.218262549377465 17.907755939990917
1 iDSE 0.5620487990434062 17.59499787700572
1 iDSE 1.2722011384739296 15.30741225775876
1 iDSE 0.6445634685340329 14.729749275315545
1 iDSE 1.3323944969675408 12.366407914810297
1 iDSE 1.1229428120543723 13.096143385104742
1 iDSE 1.2534506894717783 13.062310634894068
1 iDSE 1.2158891560872545 11.603671758708716
1 iDSE 1.3021743108727692 11.530441003424135
1 iDSE 1.3617100815219492 9.678387348653635
1 iDSE 1.3847018554356785 9.644095635360708
1 iDSE 0.21649723217039996 18.7419465919655
1 iDSE 1.201201133466621 16.25254989251858
1 iDSE 0.4345504117651524 8.598658545157168
1 iDSE 1.2445911479465193 6.070944569561276
1 iDSE 0.5368412019633222 5.0441438188233
1 iDSE 1.3310936438700058 3.309657868183355
1 iDSE 0.3582321479241648 17.372905899475743
1 iDSE 1.2475176365660685 15.094529113254634
1 iDSE 0.5486941469027433 7.893334157598154
1 iDSE 1.290388574062208 5.736096176271416
1 iDSE 0.6390157889488746 4.637067643933575
1 iDSE 1.390402330604319 3.134240831146929
1 iDSE 1.1541851076192744 11.414805043092763
1 iDSE 1.291350041169475 11.252749005726717
1 iDSE 1.2483551450004193 5.0345746843039665
1 iDSE 1.339149106755436 4.871988789013224
1 iDSE 1.4232709026733654 2.782602282080059
1 iDSE 1.4491077887397403 2.7606847546032935
1 iDSE 0.2388617781638649 18.7621231462086
1 iDSE 1.1944851071138873 16.42733845865147
1 iDSE 0.47116528852020756 8.48387131084082
1 iDSE 1.2478096596114567 6.1392224554117405
1 iDSE 0.5858463632154114 4.944102207309455
1 iDSE 1.34166139715107 3.348942411539481
1 iDSE 0.38024226315870235 17.3946958098722
1 iDSE 1.2466903887761607 15.244505910212947
1 iDSE 0.5828411564170763 7.802667481400945
1 iDSE 1.3046167367668735 5.789812212630229
1 iDSE 0.6772684581968098 4.586226330356272
1 iDSE 1.3962854018960869 3.1711567491231456
1 iDSE 1.1563425191277874 11.49107371231792
1 iDSE 1.2808701190247271 11.40975972978954
1 iDSE 1.2557898861579173 5.046902440542761
1 iDSE 1.3336870726594858 4.941078073195518
1 iDSE 1.4241706539741923 2.817968126221568
1 iDSE 1.4431556289359229 2.790126908246918
1 iDSE 0.21653622737542144 18.717358677512493
1 iDSE 1.202322446995621 16.23312698108024
1 iDSE 0.4338345699035826 8.588596500617063
1 iDSE 1.245735348312138 6.065126077820559
1 iDSE 0.5338430046479723 5.046818441125771
1 iDSE 1.3303856985285214 3.303592701276557
1 iDSE 0.35761087276146886 17.32946331899852
1 iDSE 1.2481100582363696 15.05972852886526
1 iDSE 0.5470763718757714 7.8775997210719435
1 iDSE 1.2900396692228542 5.720477323689989
1 iDSE 0.6375861888879959 4.634178921529193
1 iDSE 1.3868729417608217 3.1270393627559416
1 iDSE 1.152486371111308 11.384213469483699
1 iDSE 1.2879777182037189 11.238420717003745
1 iDSE 1.2457580908080197 5.033881816529884
1 iDSE 1.3348982637930664 4.8672897526742736
1 iDSE 1.4183099048825833 2.780771019868173
1 iDSE 1.4426438981361005 2.758838237654759
1 iDSE 0.23890328661856297 18.77605788026989
1 iDSE 1.1978420599879596 16.396171329322986
1 iDSE 0.4707350418762022 8.495511006232265
1 iDSE 1.2500377002423404 6.128727213408567
1 iDSE 0.5828395310264416 4.955480809652014
1 iDSE 1.3410331070153423 3.353976059666329
1 iDSE 0.37958748780683615 17.416272158638026
1 iDSE 1.2488693601583272 15.220270417782146
1 iDSE 0.582528059821005 7.816943804660127
1 iDSE 1.3055454718214943 5.780872451468447
1 iDSE 0.6757432719226515 4.595540945978205
1 iDSE 1.3958455828194567 3.174921167564418
1 iDSE 1.1553212221315614 11.504033778226802
1 iDSE 1.280960363599644 11.39865962195999
1 iDSE 1.2564827978854853 5.056889948508845
1 iDSE 1.3348499462859582 4.944821616685287
1 iDSE 1.4220131888892005 2.8217849352115976
1 iDSE 1.4406854902643422 2.7959758246497994
1 iDSE 0.21089155451623776 19.497918248913386
1 iDSE 1.1642807072149584 17.375942025650886
1 iDSE 0.4317457707073695 17.31980579336342
1 iDSE 1.2163270583782109 15.034861820268866
1 iDSE 0.5157330628552221 14.758747960082948
1 iDSE 1.2874902902668226 12.25414455756307
1 iDSE 0.34606592662456603 18.20908375624609
1 iDSE 1.2137940345259532 16.241756755076416
1 iDSE 0.5365275060485273 16.234387865130156
1 iDSE 1.2609024511306122 14.134112189196806
1 iDSE 0.6184309737571989 13.858647901181309
1 iDSE 1.3453079469159408 11.584459900139429
1 iDSE 1.1343847952050208 12.199572569391162
1 iDSE 1.2655996102554221 12.109147235239433
1 iDSE 1.2257990258935938 10.890948895749464
1 iDSE 1.3208911247109265 10.821662797153614
1 iDSE 1.3653533795521473 9.214581085296498
1 iDSE 1.3940219727439795 9.214720495519837
1 iDSE 0.23019492908891936 19.317927440937037
1 iDSE 1.1562115218271405 17.288563393833453
1 iDSE 0.45393635271288124 17.158539753024257
1 iDSE 1.2096259852590907 15.006183452201846
1 iDSE 0.550048981353241 14.548575627492799
1 iDSE 1.2735847473160584 12.269038760649096
1 iDSE 0.36269418697747247 18.05399695515536
1 iDSE 1.2069735558205825 16.193925569489362
1 iDSE 0.5614695418266094 16.081744065993536
1 iDSE 1.2594935902625575 14.115905904173536
1 iDSE 0.6494894734486165 13.684202573982471
1 iDSE 1.3316795530236467 11.582717720194497
1 iDSE 1.1301116146402137 12.133025870436908
1 iDSE 1.2641079433575255 12.10368388499745
1 iDSE 1.2218309322107368 10.841786496509616
1 iDSE 1.3105045352682536 10.817798753380202
1 iDSE 1.3696400651331113 9.162991726660824
1 iDSE 1.4003810124487721 9.176346465412813
1 iDSE 0.22151820561944402 19.457304671723293
1 iDSE 1.1864888213873073 17.372648619413138
1 iDSE 0.4376543192368969 17.258360506543664
1 iDSE 1.2347051479102107 15.00510833938441
1 iDSE 0.5246839769593334 14.712097046514184
1 iDSE 1.3072835548763093 12.193710369108354
1 iDSE 0.356957970916016 18.164628651409842
1 iDSE 1.2345642028225536 16.211888667165443
1 iDSE 0.5523024359489077 16.15556210233892
1 iDSE 1.2884137793570996 14.071065564583819
1 iDSE 0.6307005224951232 13.790691419413427
1 iDSE 1.3632182792848972 11.509011774029492
1 iDSE 1.15726405266056 12.149815948142487
1 iDSE 1.289937694289982 12.089008956532965
1 iDSE 1.2437011679125414 10.84172277066852
1 iDSE 1.342187694421788 10.794336539586563
1 iDSE 1.386881064127759 9.15910756940444
1 iDSE 1.4180506150331706 9.166751507886783
1 iDSE 0.2384646786371003 19.327452675414772
1 iDSE 1.1807427012165812 17.27737623686723
1 iDSE 0.46532810021883897 17.137196591452234
1 iDSE 1.2266628143765805 14.975093804056414
1 iDSE 0.5628693750928413 14.509994868256998
1 iDSE 1.2951246560495036 12.208799532594307
1 iDSE 0.3786023726806358 18.054852526499765
1 iDSE 1.2352407837291355 16.181748508205743
1 iDSE 0.573179691472931 16.043263792202424
1 iDSE 1.292636872324148 14.065230788315313
1 iDSE 0.6603988628990538 13.643540107013665
1 iDSE 1.3591589748839157 11.506621090762334
1 iDSE 1.1475214434406396 12.129901184325274
1 iDSE 1.284217483321239 12.088679722476773
1 iDSE 1.2407707021184948 10.812279246717246
1 iDSE 1.3357701234423263 10.779466829581954
1 iDSE 1.3927084692133005 9.127336504510566
1 iDSE 1.4212707064905654 9.139989143497358
1 iDSE 0.2223198662001904 17.245831397039208
1 iDSE 1.1996132751645074 14.971813071790425
1 iDSE 0.4409150685450556 8.1823169634615
1 iDSE 1.2448651564532902 5.838930008818595
1 iDSE 0.5447233696956058 4.8653075016769165
1 iDSE 1.3451716426606715 3.1884006699824017
1 iDSE 0.3656712342801398 16.088149076970442
1 iDSE 1.2527837404872644 13.985564193059894
1 iDSE 0.5534864732316842 7.554842806734374
1 iDSE 1.2967856391507477 5.5354254070485585
1 iDSE 0.6470521918990868 4.477579220813175
1 iDSE 1.4006155062284074 3.0200032885804395
1 iDSE 1.1641544776771928 10.775664474202848
1 iDSE 1.3018830639564576 10.605953388624723
1 iDSE 1.254517758142856 4.8750230039701385
1 iDSE 1.3496650626287217 4.712619585605862
1 iDSE 1.4337553482081535 2.700617482544309
1 iDSE 1.4592462138018623 2.661279295080232
1 iDSE 0.24016874543322309 17.14850540857628
1 iDSE 1.1844066685262882 15.035442595144712
1 iDSE 0.4708423755833351 8.0463037856538
1 iDSE 1.2388751808161764 5.8400986078423385
1 iDSE 0.586146262384194 4.740781296087049
1 iDSE 1.3366670195056232 3.2200569136094614
1 iDSE 0.3799381992597566 16.012385788042973
1 iDSE 1.2387256535699351 14.058092263667632
1 iDSE 0.582196488146399 7.434993686447125
1 iDSE 1.2963267198636252 5.537470744351801
1 iDSE 0.6779396820902452 4.400782649589073
1 iDSE 1.3913919386721565 3.0556819036903358
1 iDSE 1.1617896907796808 10.81376530694383
1 iDSE 1.286818369627483 10.712247936615809
1 iDSE 1.2617267075658227 4.8680630155442755
1 iDSE 1.340108121480962 4.765995254456316
1 iDSE 1.4261811841969316 2.71500133840123
1 iDSE 1.449028172583068 2.6941880394468547
1 iDSE 0.22500381950580772 17.207719834113504
1 iDSE 1.2039690640852805 14.989864944851265
1 iDSE 0.44422015282882765 8.173323233071633
1 iDSE 1.2482487917703082 5.8422692706070825
1 iDSE 0.5475094226662427 4.868983699972183
1 iDSE 1.3478607923289445 3.1875841216894427
1 iDSE 0.36918421012218605 16.046643430147515
1 iDSE 1.2554646588370448 13.98121921934251
1 iDSE 0.5572898762272596 7.545035339892207
1 iDSE 1.2995638117978676 5.534163116222259
1 iDSE 0.6499920764578577 4.480482523284892
1 iDSE 1.4022754801782829 3.0109856717675774
1 iDSE 1.168068757502148 10.766931616503697
1 iDSE 1.3037708217180866 10.608670129206548
1 iDSE 1.2581617797541478 4.867054745141963
1 iDSE 1.3515870361780946 4.710608541224919
1 iDSE 1.4365675979742725 2.7029693201869653
1 iDSE 1.4627823575505912 2.6550882175138275
1 iDSE 0.24368202982373255 17.18301712729064
1 iDSE 1.1892024543164532 15.04355508119459
1 iDSE 0.47500898151788107 8.061799391589195
1 iDSE 1.2437917344351224 5.850643696761455
1 iDSE 0.5887238271354946 4.75013426994565
1 iDSE 1.34077050704445 3.2277554183844623
1 iDSE 0.38372410008666935 16.035042752785003
1 iDSE 1.2434072438661339 14.067809916610717
1 iDSE 0.5856885579148321 7.443867859764353
1 iDSE 1.3002584806202502 5.543563164658881
1 iDSE 0.6810273120000478 4.4092884150054035
1 iDSE 1.395214076060057 3.0601993742593887
1 iDSE 1.1635541654182862 10.810728385476285
1 iDSE 1.2865636209283347 10.719389118343708
1 iDSE 1.263578261845332 4.873620667549388
1 iDSE 1.3398627179007132 4.76929189826442
1 iDSE 1.4312504369446422 2.7200550623926687
1 iDSE 1.4498783959978643 2.696077197370993
1 iDSE 0.0814397818549717 20.293291931006962
1 iDSE 1.4687052191465746 15.567843688681968
1 iDSE 0.3079302473525174 16.350141320370955
1 iDSE 1.5206325357916675 11.705016272823773
1 iDSE 0.43432868016752546 12.37793040186543
1 iDSE 1.621213753593966 8.190443111033975
1 iDSE 0.2421905729500331 18.253631873574445
1 iDSE 1.5302553909757974 14.09934966281102
1 iDSE 0.4452143140902294 14.743970838761369
1 iDSE 1.6048905184533608 10.63345422164337
1 iDSE 0.5669946430104049 11.12446575319349
1 iDSE 1.7138409029189057 7.427290425884859
1 iDSE 1.2753859334727085 10.017229003217171
1 iDSE 1.591810311981869 9.766124720104994
1 iDSE 1.4152234228727352 8.057094586907926
1 iDSE 1.663520082036999 7.794556564447831
1 iDSE 1.7288929635643946 5.837266623549618
1 iDSE 1.7774047904598578 5.741438533811639
1 iDSE 0.10070041804249841 20.300780031195345
1 iDSE 1.52005885149226 15.600611945369167
1 iDSE 0.33827440684061316 16.28091088286212
1 iDSE 1.5576163263097769 11.72859520435604
1 iDSE 0.4773334519264334 12.221039259125732
1 iDSE 0.0 0.0
1 iDSE 0.2803476067485804 18.275840959249056
1 iDSE 1.616658622691832 14.172156731406183
1 iDSE 0.48967270585831524 14.719047897392445
1 iDSE 1.6767612346850975 10.656019844825561
1 iDSE 0.6011148423141877 11.120134022240135
1 iDSE 1.8030874108329882 7.453394597964808
1 iDSE 1.3418077011287002 10.102792851741357
1 iDSE 1.6977089749158942 9.866391145623084
1 iDSE 1.5067520594923636 8.141305696056515
1 iDSE 1.7472647083476005 7.868518745053633
1 iDSE 1.80747311882884 5.866636023110622
1 iDSE 1.8914421599935771 5.785287406734298
1 iDSE 0.11311701192033419 19.719090053085853
1 iDSE 0.0 0.0
1 iDSE 0.35713459140674386 15.406490333430973
1 iDSE 0.0 0.0
1 iDSE 0.4962692875153525 11.30797284004907
1 iDSE 2.000016618071644 6.729420896992214
1 iDSE 0.30919970885516657 17.68686414500734
1 iDSE 0.0 0.0
1 iDSE 0.5130006678505594 13.837726490625924
1 iDSE 2.0602826612674847 9.029887607086698
1 iDSE 0.6281150573142962 10.116107657995428
1 iDSE 2.172989140820044 5.952068217149017
1 iDSE 1.6228889223070122 9.444211885462632
1 iDSE 2.0702583393172187 9.09795448777967
1 iDSE 1.8230859801494255 7.168275972420609
1 iDSE 0.0 0.0
1 iDSE 2.2020824679342934 4.815793347549612
1 iDSE 2.2946574191298303 4.703200625619142
1 iDSE 0.1662449679804392 19.621919448600025
1 iDSE 0.0 0.0
1 iDSE 0.43419736035158385 15.210914545402428
1 iDSE 2.012766127408065 9.969128247979981
1 iDSE 0.5888458791602602 10.95012946654565
1 iDSE 2.1536504823984974 6.591628165345632
1 iDSE 0.3885093151121606 17.616686715743636
1 iDSE 2.1340197227247155 12.734098377747145
1 iDSE 0.6230685782332714 13.624799569890204
1 iDSE 2.211616252635692 8.963283651822694
1 iDSE 0.7546374542093206 9.798696111914428
1 iDSE 2.3621107169943625 5.873531026999291
1 iDSE 1.7954177386021892 9.501871744669476
1 iDSE 0.0 0.0
1 iDSE 2.0029045158164456 7.170117520768617
1 iDSE 2.345068666275364 6.838569512515929
1 iDSE 2.4056602061901002 4.7748293668446316
1 iDSE 2.479386139861119 4.70411342227
1 iDSE 0.16006802600416647 16.249381394303466
1 iDSE 1.9063868603161125 10.964545676353225
1 iDSE 0.4182157124920767 4.627452717907517
1 iDSE 1.9928889559440757 1.9989593644681403
1 iDSE 0.5706928872453585 2.1620527451101856
1 iDSE 2.112959049839806 0.6756565264069629
1 iDSE 0.3663576554176935 14.378686292505332
1 iDSE 2.0560562892535406 9.776560252184046
1 iDSE 0.5990759758416497 3.7984123598352975
1 iDSE 2.1390041197875824 1.6834680397512463
1 iDSE 0.7453647203663407 1.698310701286529
1 iDSE 2.263556504665967 0.494530757421791
1 iDSE 1.6661361395484042 7.525504520213676
1 iDSE 2.1402528534457246 7.081578244966401
1 iDSE 1.888923882430241 1.5646243166827705
1 iDSE 2.227315403404018 1.3523813231053663
1 iDSE 2.2900664968890125 0.3782788447316183
1 iDSE 2.3671679989052485 0.34478427332908357
1 iDSE 0.17868402567543185 16.250819559915012
1 iDSE 2.035661761745106 10.807742235843172
1 iDSE 0.4459684457308539 4.555307907492124
1 iDSE 2.086095868201213 1.9156682255084538
1 iDSE 0.6213285099504264 2.064112240904005
1 iDSE 2.2885861764236166 0.6019885759523589
1 iDSE 0.4095003051456658 14.39733010706473
1 iDSE 2.2195335454196137 9.675632167578762
1 iDSE 0.6538784947124106 3.7265340449494913
1 iDSE 2.3049676694714534 1.5966343289656972
1 iDSE 0.8067997425492544 1.6350315831314024
1 iDSE 2.513000300662838 0.4262367905996929
1 iDSE 1.8592098840670985 7.533995900446458
1 iDSE 2.33980895332061 7.102532379129553
1 iDSE 2.0553984038264135 1.5110741465786806
1 iDSE 2.4391129459387724 1.293118943508102
1 iDSE 2.562877879739544 0.31085810638772204
1 iDSE 2.6358742762334013 0.2905376724637774
1 iDSE 0.15784033064435854 16.19233663552098
1 iDSE 1.8957614740385709 10.910759598074733
1 iDSE 0.41480683990159295 4.609082757301163
1 iDSE 1.981955631579888 1.9912877390099966
1 iDSE 0.5642883034992008 2.1541981394598633
1 iDSE 2.104123662101861 0.6755082202632863
1 iDSE 0.3625986017393814 14.328535330283673
1 iDSE 2.0510324911940616 9.714859081638126
1 iDSE 0.5941000905526861 3.7871423296353726
1 iDSE 2.1332928843212264 1.6739881526549127
1 iDSE 0.7382612925925338 1.6941315791834528
1 iDSE 2.254678400047434 0.4924155093887823
1 iDSE 1.6602238005035188 7.501717944206261
1 iDSE 2.1334731219102325 7.036117317406465
1 iDSE 1.882556481812554 1.5658578548625095
1 iDSE 2.2178359904391876 1.343467569469336
1 iDSE 2.282182080734884 0.3759540354325346
1 iDSE 2.3573228547236127 0.341790517868769
1 iDSE 0.17606474107278913 16.264394017193265
1 iDSE 2.033219894661478 10.752685730576882
1 iDSE 0.4425606487960432 4.538760416619039
1 iDSE 2.0755763918058943 1.91134589184088
1 iDSE 0.6201571262640844 2.063168225273178
1 iDSE 2.2877834661136354 0.5965225718532963
1 iDSE 0.4058763665738958 14.401276122501171
1 iDSE 2.2087891362385688 9.652600252001193
1 iDSE 0.6419460045001155 3.7366469013187507
1 iDSE 2.293196217981143 1.5925398638531103
1 iDSE 0.799487525221058 1.6351597527702184
1 iDSE 2.504745343229268 0.4238797529137619
1 iDSE 1.847682159137071 7.5264431238209415
1 iDSE 2.3318832481287615 7.075182938413489
1 iDSE 2.046445861767664 1.5137451348884698
1 iDSE 2.431428584885315 1.2864477683711035
1 iDSE 2.5559024473692675 0.30951369976442944
1 iDSE 2.6272910443945676 0.2909962374550834
1 iDSE 0.10041438715817375 18.251041493998784
1 iDSE 1.4975249347177004 14.01153588343502
1 iDSE 0.3287216640091979 14.930448159391279
1 iDSE 1.5538036421962786 10.7826586667593
1 iDSE 0.45678280047159525 11.463918499145818
1 iDSE 1.6624899507737907 7.697761248712112
1 iDSE 0.2699422373353808 16.524771981333785
1 iDSE 1.5777308127442575 12.756649054082812
1 iDSE 0.47511158478257376 13.52813216522321
1 iDSE 1.6530989960784135 9.837073133328648
1 iDSE 0.5962674936154824 10.324642910373736
1 iDSE 1.7625150766550988 6.9983808738547735
1 iDSE 1.3435921098329935 9.27855247080738
1 iDSE 1.6623488771507966 9.048705290540344
1 iDSE 1.4828373116668736 7.563710685231332
1 iDSE 1.7330206193738724 7.302448451363611
1 iDSE 1.7989576803994551 5.531311795243069
1 iDSE 1.8424652684573593 5.4655298029097485
1 iDSE 0.11901724013377524 18.19457564285189
1 iDSE 1.5631282763020975 13.974610744812106
1 iDSE 0.3594831413992492 14.856644045958209
1 iDSE 1.6008206810534826 10.752634060343157
1 iDSE 0.4997500563496686 11.389306879437791
1 iDSE 1.7281530441598756 7.6732248448265175
1 iDSE 0.304367591370202 16.515446760731216
1 iDSE 1.6640957804842813 12.788482427868255
1 iDSE 0.5164785460825152 13.502882537549437
1 iDSE 1.7231498634646005 9.833926683756328
1 iDSE 0.6300693363785359 10.394306061380563
1 iDSE 1.8438498176932265 7.017421841770906
1 iDSE 1.3980072601963665 9.378950754869768
1 iDSE 1.753539956344111 9.142635295167814
1 iDSE 1.5643890712896074 7.620889283013581
1 iDSE 1.8027949524630502 7.392409138182067
1 iDSE 1.8707314458770865 5.5758562117211214
1 iDSE 1.9489733610255695 5.5100844309582975
1 iDSE 0.13333481185913287 17.735840043440476
1 iDSE 1.8671527674285135 12.730937542185544
1 iDSE 0.37940356554197896 14.058919091523173
1 iDSE 1.9412868705663957 9.319738574794481
1 iDSE 0.5210993275713272 10.460911678844711
1 iDSE 2.0486425769443226 6.346494062370346
1 iDSE 0.33894199809062786 16.030367919409013
1 iDSE 2.0221435020211413 11.524857203188587
1 iDSE 0.5445073566229359 12.693397481089145
1 iDSE 2.11720787408774 8.37445256010836
1 iDSE 0.6600344311743882 9.367447417376848
1 iDSE 2.233283989447257 5.619773951080216
1 iDSE 1.7033040285326941 8.774843663830294
1 iDSE 2.1553371603692546 8.405533920590882
1 iDSE 1.9033094166249103 6.726236762981623
1 iDSE 2.23106532496935 6.401380828237059
1 iDSE 2.285261849944476 4.55074744843998
1 iDSE 2.374111473206626 4.47808070951268
1 iDSE 0.18742726657726783 17.57064520537191
1 iDSE 2.024746035243583 12.521318430788128
1 iDSE 0.4590556506402039 13.8559598260442
1 iDSE 2.0679198518834307 9.14509032406933
1 iDSE 0.6143183977887483 10.203271213466447
1 iDSE 2.1991659187325943 6.202840660653806
1 iDSE 0.4161348915574825 15.909794994809307
1 iDSE 2.196166741730408 11.464442073632288
1 iDSE 0.653842750866088 12.485896987482711
1 iDSE 2.2727164191168705 8.282602711745994
1 iDSE 0.7880187723097007 9.15719580228413
1 iDSE 2.4137363503057148 5.544913977952425
1 iDSE 1.865213092012274 8.815913664546642
1 iDSE 2.3385585632891823 8.505295615307155
1 iDSE 2.07484518401213 6.7259849919760715
1 iDSE 2.419385631166849 6.420613223631688
1 iDSE 2.4865420379807697 4.540069424492873
1 iDSE 2.5529612585692414 4.4821436895844595
1 iDSE 0.17986620132274922 14.97992723356005
1 iDSE 1.931364758845048 10.144003741336503
1 iDSE 0.44261621132114626 4.4748656047250615
1 iDSE 2.0239243373938485 1.9334731287103533
1 iDSE 0.593402859170685 2.11793438435146
1 iDSE 2.1568744759960623 0.6508105418914452
1 iDSE 0.39451606055511634 13.280266605891242
1 iDSE 2.0948426224611234 9.052745837070601
1 iDSE 0.6292318386252493 3.6764031124468683
1 iDSE 2.182907481273674 1.61920844197309
1 iDSE 0.7699413704672355 1.6596381258424033
1 iDSE 2.315150850344995 0.4694783482616305
1 iDSE 1.7296889282733945 7.094669818598128
1 iDSE 2.2005862415795296 6.6464834687366805
1 iDSE 1.955906033227699 1.5144313812051133
1 iDSE 2.2881361246337466 1.3005571429718583
1 iDSE 2.354019866049668 0.3593500697724996
1 iDSE 2.433062986188861 0.32244821252808986
1 iDSE 0.1932992219563996 15.037249154235198
1 iDSE 2.062114943562443 9.950832813912237
1 iDSE 0.4619510242446745 4.438026928030904
1 iDSE 2.119051497649412 1.8506842726462196
1 iDSE 0.6383976909671947 2.0342708805108
1 iDSE 2.3164196977283877 0.5848404573826891
1 iDSE 0.43090629470803044 13.355242433667938
1 iDSE 2.2554510671971366 8.944986188385668
1 iDSE 0.6765200058940612 3.630203656459752
1 iDSE 2.341085487278525 1.5451838110286213
1 iDSE 0.8272482874032498 1.6098755778559601
1 iDSE 2.551292770918662 0.41053632751793945
1 iDSE 1.9184178328991028 7.092092016297084
1 iDSE 2.3949684659206887 6.669540727898462
1 iDSE 2.115271870362892 1.472409326496948
1 iDSE 2.4957648642348755 1.2552491734916473
1 iDSE 2.6245832862067604 0.30352958038425437
1 iDSE 2.6979179675604854 0.27767014222887765
1 iDSE 0.17811613771245471 14.910735329083222
1 iDSE 1.9269032649211284 10.100350233001622
1 iDSE 0.4434478987008834 4.462074376429068
1 iDSE 2.0207969066257814 1.9247445524849125
1 iDSE 0.5962406568237166 2.113114305138439
1 iDSE 2.15587916710002 0.6475915954280234
1 iDSE 0.39396410135641635 13.208101847753037
1 iDSE 2.091085955290206 9.000231022642243
1 iDSE 0.6291950950394072 3.657198958168422
1 iDSE 2.1808515717629904 1.6101080757778132
1 iDSE 0.7731587760490413 1.6540020225591592
1 iDSE 2.3141082571381473 0.4653704184312042
1 iDSE 1.7292397775521993 7.050517730452279
1 iDSE 2.2002440023155354 6.604526013509062
1 iDSE 1.9536587763647466 1.507951423749784
1 iDSE 2.2874967371268764 1.290581383340458
1 iDSE 2.350666253582379 0.357001373907903
1 iDSE 2.4311166813207983 0.3177693800994763
1 iDSE 0.19102990048405188 15.027344381102989
1 iDSE 2.064321128191942 9.938516015733281
1 iDSE 0.4629106787863535 4.417651471320803
1 iDSE 2.1150365323955027 1.856674333551624
1 iDSE 0.6417440640325287 2.031394735450416
1 iDSE 2.3266765867203283 0.5809304010524048
1 iDSE 0.42898192539086266 13.337254385595976
1 iDSE 2.2478496557227228 8.940157510141022
1 iDSE 0.6695863699530364 3.6347752226710153
1 iDSE 2.3369133191072207 1.5481323567092047
1 iDSE 0.8286813091954244 1.6070131195121453
1 iDSE 2.545412924606081 0.4079794920928581
1 iDSE 1.9119849513275615 7.0875501544457045
1 iDSE 2.3918335739289813 6.6476640446516155
1 iDSE 2.1120187315270402 1.470367805812275
1 iDSE 2.492968746177176 1.2458600523967838
1 iDSE 2.6222739938976476 0.30213368164668286
1 iDSE 2.6961881266688112 0.27424744324309325
1 iDSE 0.08651265428253829 17.197074077879442
1 iDSE 1.4664985559821266 13.287409486808475
1 iDSE 0.31299087042743956 14.111039999651162
1 iDSE 1.5167193530877174 10.252279222610598
1 iDSE 0.4393758525931095 10.883241759163104
1 iDSE 1.6104063523607168 7.34625860935464
1 iDSE 0.2514512518172525 15.62185163096791
1 iDSE 1.5495830548140406 12.099275734440246
1 iDSE 0.450802921757268 12.852337638560654
1 iDSE 1.6103129997086754 9.341077595273486
1 iDSE 0.573291976061473 9.854722219398584
1 iDSE 1.7091198122165108 6.6975427083453765
1 iDSE 1.2909876130991838 8.916147458694656
1 iDSE 1.606046860765597 8.629424301581865
1 iDSE 1.4383235453933092 7.272970775976143
1 iDSE 1.6751943812198755 6.960736011484904
1 iDSE 1.7213024595291402 5.368654677581691
1 iDSE 1.780989939947629 5.2319967869266994
1 iDSE 0.10379891470908453 17.178763653194952
1 iDSE 1.5508196482238348 13.328628615749356
1 iDSE 0.336706086951821 14.11498800141412
1 iDSE 1.5857773323416864 10.285004572270841
1 iDSE 0.48191325659878714 10.774868012531606
1 iDSE 1.6851128189510765 7.36180249991706
1 iDSE 0.28056646387921425 15.638037671688089
1 iDSE 1.6077189827581457 12.249159591235005
1 iDSE 0.4874834720024117 12.863977382989312
1 iDSE 1.6619232511777202 9.448456617597405
1 iDSE 0.613083166066017 9.832879696241246
1 iDSE 1.7766723695054099 6.7463866249770525
1 iDSE 1.351565873966905 9.03129404110792
1 iDSE 1.6778909362895371 8.791660380938385
1 iDSE 1.4878595498007279 7.3741086209028115
1 iDSE 1.7386940526377797 7.089227356167662
1 iDSE 1.8148682194865273 5.359409092375708
1 iDSE 1.8680755739917512 5.281202085598175
1 iDSE 0.125072949079704 16.707989324530136
1 iDSE 1.8430271308473016 12.109953786736465
1 iDSE 0.36508715664535574 13.338987782048605
1 iDSE 1.9076808252257198 8.8813972558408
1 iDSE 0.4933980520178405 10.005911884759508
1 iDSE 1.99993461554056 6.069965583701021
1 iDSE 0.31476132340253726 15.185972821370168
1 iDSE 1.9849932674516224 10.95954166306209
1 iDSE 0.5196724482720387 12.099883477757132
1 iDSE 2.059837213848917 7.965676440666364
1 iDSE 0.6304852434422836 9.018284495262122
1 iDSE 2.168180652635548 5.397338691807004
1 iDSE 1.6501153739154315 8.430072798402115
1 iDSE 2.071611867135822 8.059486074637176
1 iDSE 1.8335788994588946 6.489911048406449
1 iDSE 2.1697224126480936 6.113300657918655
1 iDSE 2.211901299329227 4.4394813080983075
1 iDSE 2.2970290723150026 4.30786666265625
1 iDSE 0.17620574894344854 16.623611955597298
1 iDSE 0.0 0.0
1 iDSE 0.4343089060238927 13.220175857846055
1 iDSE 2.0371842698955973 8.82575488920734
1 iDSE 0.5912884008361687 9.73006925393912
1 iDSE 2.1458322666573664 5.990127062691433
1 iDSE 0.3971964085703512 15.094190642177416
1 iDSE 0.0 0.0
1 iDSE 0.6178212378802197 11.962805424527751
1 iDSE 2.214929378873375 7.983653724944782
1 iDSE 0.7605253762735358 8.751916244287298
1 iDSE 2.3418128111967684 5.358190092545787
1 iDSE 1.8135747459282605 8.500904221403527
1 iDSE 2.2536387501540576 8.18682096167655
1 iDSE 2.0166984790536784 6.5029453176871455
1 iDSE 2.3278132136839154 6.185688547203421
1 iDSE 2.4142786154220306 4.382480274701826
1 iDSE 2.471134200531486 4.301235493746295
1 iDSE 0.17971818673932272 13.635825111306001
1 iDSE 1.9304636990313107 9.393628170802915
1 iDSE 0.43956734403721454 4.239604074304542
1 iDSE 2.007443524926345 1.8467314309540073
1 iDSE 0.5809227957040453 1.9863932077183049
1 iDSE 2.1038630161099796 0.6062444416154176
1 iDSE 0.3865100262780945 12.239139212767897
1 iDSE 2.0764249631730327 8.450379472638623
1 iDSE 0.6104675609041792 3.533899114609964
1 iDSE 2.1604467290692653 1.5438632626084
1 iDSE 0.7447404481554591 1.5897756926757203
1 iDSE 2.2709743185408837 0.43549370882887595
1 iDSE 1.6983539694356966 6.703550987498555
1 iDSE 2.15671444021905 6.267598128972201
1 iDSE 1.9126969752841685 1.4624901741552465
1 iDSE 2.2421935544287597 1.243354262329413
1 iDSE 2.3104571676320553 0.3262151551317627
1 iDSE 2.3947729129686994 0.29727113136784444
1 iDSE 0.19116687086265727 13.797388328718405
1 iDSE 2.070209768868417 9.432499366004409
1 iDSE 0.46401958487428274 4.214819993243723
1 iDSE 2.130373155959554 1.7971971760003562
1 iDSE 0.6359366616500544 1.9197667911527514
1 iDSE 2.304425406616888 0.5487619783778863
1 iDSE 0.4281698725904375 12.354945448253906
1 iDSE 2.2509195230818175 8.502308155198008
1 iDSE 0.6679066480966722 3.479277253316533
1 iDSE 2.329236449149087 1.505359938857172
1 iDSE 0.8204300002515008 1.5435791935795393
1 iDSE 2.522171304214397 0.3805748872859258
1 iDSE 1.8862680293439311 6.742118579199962
1 iDSE 2.351728655543413 6.3741387475031175
1 iDSE 2.0865349903335964 1.4200423149059427
1 iDSE 2.447091873230308 1.2201407883138602
1 iDSE 2.5829557540322363 0.27414398903344805
1 iDSE 2.6368316738610846 0.2554059450496249
1 iDSE 0.1790297546171582 13.615279969755262
1 iDSE 1.9319635586895307 9.379584701851897
1 iDSE 0.43906799728360935 4.2371046721957875
1 iDSE 2.002281776243752 1.8457204096623938
1 iDSE 0.5798730952834248 1.989851118566715
1 iDSE 2.1031269357213476 0.6054695146569724
1 iDSE 0.3859687245963368 12.2099555597855
1 iDSE 2.077564337403739 8.432301000373524
1 iDSE 0.6087068453281002 3.528438640482239
1 iDSE 2.1612639635298234 1.542754841191023
1 iDSE 0.7426826957991348 1.5920092208842247
1 iDSE 2.2679175858016154 0.43309867904945887
1 iDSE 1.6953991608227152 6.680714175538233
1 iDSE 2.151853094664939 6.2566905711584475
1 iDSE 1.9095110921271208 1.459945715168125
1 iDSE 2.2371319451384544 1.2428623938157366
1 iDSE 2.3060214621907633 0.3270377964185385
1 iDSE 2.38611487503764 0.2973979289217583
1 iDSE 0.19326611062267673 13.80653776836605
1 iDSE 2.0727431513128134 9.405206799980588
1 iDSE 0.4607692381012287 4.22826750356061
1 iDSE 2.1347719907576055 1.7946128081401724
1 iDSE 0.6365501929088442 1.9332521089565011
1 iDSE 2.2949746087774145 0.5508463211395789
1 iDSE 0.4242286855973718 12.366869786270032
1 iDSE 2.2526156351614226 8.467164031697529
1 iDSE 0.6662172329819942 3.486759613194569
1 iDSE 2.3338492214814983 1.5013490524204989
1 iDSE 0.8183447131069705 1.5469739989390714
1 iDSE 2.5225607753771087 0.3818942225647646
1 iDSE 1.88230708056185 6.743293927989278
1 iDSE 2.35061462511652 6.3693686222045205
1 iDSE 2.084321123023816 1.4236134808392014
1 iDSE 2.446598849606015 1.2210715890021073
1 iDSE 2.578456348328787 0.2759707703234453
1 iDSE 2.639211737814188 0.25733648564145506
1 iDSE 0.08763335467179534 15.170733475636865
1 iDSE 1.480333767707247 11.827778602153781
1 iDSE 0.3136474485618712 12.656936758325825
1 iDSE 1.5310856692762802 9.332579537711373
1 iDSE 0.4406837032533557 9.968135444108995
1 iDSE 1.6286771994882736 6.800955307507424
1 iDSE 0.2555751517122422 13.903237785531338
1 iDSE 1.5681576099699024 10.883090442096005
1 iDSE 0.4538325994252428 11.590346004561823
1 iDSE 1.6272332578209654 8.592265328155637
1 iDSE 0.5777310621315424 9.073668996790827
1 iDSE 1.7330309653882559 6.24109385523815
1 iDSE 1.3089816985057432 8.23846937468225
1 iDSE 1.6372242627235556 7.975716744484243
1 iDSE 1.4533429299894536 6.764560847279168
1 iDSE 1.7032892699634412 6.542602889648686
1 iDSE 1.7401314238900647 5.0507368979176706
1 iDSE 1.808791703114791 4.981220369826054
1 iDSE 0.10680453951025726 15.090289322130019
1 iDSE 1.559891876248297 11.748778114523622
1 iDSE 0.34025765053924895 12.631522254173325
1 iDSE 1.5991717885371775 9.29448234327357
1 iDSE 0.48886988578642776 9.857764521564935
1 iDSE 1.708938829878118 6.772399770479494
1 iDSE 0.28772465959594684 13.87253263052712
1 iDSE 1.6301451346370488 10.901319678727337
1 iDSE 0.49614606889477275 11.602470385523219
1 iDSE 1.6872837336801494 8.623084745665874
1 iDSE 0.6244105499599213 9.056340325156087
1 iDSE 1.8094764038181976 6.2569079103578735
1 iDSE 1.3738759921114 8.26718377309584
1 iDSE 1.7144727420568002 8.027507995808987
1 iDSE 1.5124174153140078 6.812604238699057
1 iDSE 1.7756799759983424 6.589076071690281
1 iDSE 1.8425050738623452 5.045945936506945
1 iDSE 1.911069381105004 4.993206287293113
1 iDSE 0.12744617352904686 14.747039579155512
1 iDSE 1.8572383097868963 10.803082156174916
1 iDSE 0.3665520682778751 11.98475617105022
1 iDSE 1.9233262193926688 8.124150246435246
1 iDSE 0.49570502054561194 9.194460840073743
1 iDSE 2.022020103337355 5.640101984311766
1 iDSE 0.31861828454008134 13.493930396812553
1 iDSE 2.006335368826678 9.876387630158254
1 iDSE 0.5229730787453342 10.930563657940679
1 iDSE 2.08017588508701 7.3559681969352475
1 iDSE 0.6353763453445243 8.318460337985316
1 iDSE 2.196305216718451 5.046641400674365
1 iDSE 1.6704010587734652 7.752037423963767
1 iDSE 2.1058494873977773 7.423129824445432
1 iDSE 1.8509780699045568 6.024125858737322
1 iDSE 2.201139969238933 5.745946743522857
1 iDSE 2.231547014528961 4.178594897673724
1 iDSE 2.331540676377269 4.100423174354652
1 iDSE 0.17846282028233662 14.624489674480122
1 iDSE 2.0017029741516326 10.66108681113937
1 iDSE 0.4369568542893427 11.857473495621651
1 iDSE 2.0499037387673535 8.005122306450124
1 iDSE 0.5976463066128563 8.929735158423584
1 iDSE 2.169807228488185 5.537330968677387
1 iDSE 0.4037615595520545 13.388294308469831
1 iDSE 2.1716229939966984 9.819988386108061
1 iDSE 0.6259266133519135 10.796942088594768
1 iDSE 2.2414694124593186 7.313072610902081
1 iDSE 0.7715635792386597 8.084181917622551
1 iDSE 2.3762656250033527 4.986305693505516
1 iDSE 1.8366936281916635 7.751528383796744
1 iDSE 2.2967481560264913 7.472011647205857
1 iDSE 2.0429812983007394 6.004749505265676
1 iDSE 2.371562039359874 5.761404966032499
1 iDSE 2.446580567340185 4.125447009260939
1 iDSE 2.5213979929576302 4.07197629684383
1 iDSE 0.18036871006498223 12.39492302750459
1 iDSE 1.9269572596247553 8.605651438560542
1 iDSE 0.44084294104373645 4.051821591336936
1 iDSE 2.0041252419387763 1.7845174594157829
1 iDSE 0.5894400065924439 1.9162928250461855
1 iDSE 2.12283008640368 0.5764503948774895
1 iDSE 0.388515157439546 11.187692639747535
1 iDSE 2.078330496698846 7.789017131094003
1 iDSE 0.612477682585252 3.3941955324539332
1 iDSE 2.164109358770857 1.4975294497348632
1 iDSE 0.7514693557401229 1.5358409098415744
1 iDSE 2.288408886519203 0.4102746465346767
1 iDSE 1.7030592070548742 6.27870365813556
1 iDSE 2.1689818627528377 5.864334400312852
1 iDSE 1.9177313071762079 1.4159251499836167
1 iDSE 2.253796782482295 1.2065799310480014
1 iDSE 2.3246209475880466 0.3076381345017585
1 iDSE 2.40938488085235 0.27406553690553936
1 iDSE 0.19105648661435737 12.462899469293724
1 iDSE 2.0566985555799273 8.549192990775527
1 iDSE 0.4610264478892412 4.021172800968932
1 iDSE 2.1179905115126836 1.7135394556805839
1 iDSE 0.6378984277808162 1.8476997901377157
1 iDSE 2.3012931203480917 0.5185834862361642
1 iDSE 0.4264989965720678 11.236400726410753
1 iDSE 2.240093337075911 7.766930775580079
1 iDSE 0.6640035877737187 3.3298083073021854
1 iDSE 2.319552108075455 1.440653141626389
1 iDSE 0.8203642031351965 1.4797377456181287
1 iDSE 2.5189344981162027 0.3558504426494742
1 iDSE 1.8895944807545515 6.285766261240765
1 iDSE 2.35917129525171 5.938013025643135
1 iDSE 2.0904998080554384 1.3647098494189587
1 iDSE 2.4549298212931228 1.1764902306868028
1 iDSE 2.585574825231386 0.2500858267608892
1 iDSE 2.650141891851763 0.23479469047892376
1 iDSE 0.18345618257148888 12.385548855021606
1 iDSE 1.9344543776123149 8.6078497064311
1 iDSE 0.4441448171195477 4.049253638433719
1 iDSE 2.003211620268535 1.7812648603905599
1 iDSE 0.5932966096006962 1.920779418312299
1 iDSE 2.1286030478196234 0.5769243763668135
1 iDSE 0.3918452217437891 11.171798686039258
1 iDSE 2.082528479674896 7.773714086759567
1 iDSE 0.616171295475032 3.391646243516437
1 iDSE 2.168187645972029 1.4952557074133752
1 iDSE 0.7552114285683769 1.5378739316173649
1 iDSE 2.2921479126287223 0.40895929142830023
1 iDSE 1.707542042304432 6.267949004938263
1 iDSE 2.171577505683656 5.860203115208622
1 iDSE 1.9205112250385747 1.4118594084520186
1 iDSE 2.2564777832488216 1.2059667627520194
1 iDSE 2.328281772532432 0.3082254405248068
1 iDSE 2.414293890813261 0.2713191219095643
1 iDSE 0.19640965907757768 12.47010529077243
1 iDSE 2.063510254967331 8.55984328115741
1 iDSE 0.4634161019402323 4.038283880697973
1 iDSE 2.1279976743813895 1.717277704407655
1 iDSE 0.6426799772757774 1.8564961213058706
1 iDSE 2.298925758413911 0.5203591590115941
1 iDSE 0.4280714965368313 11.254828067934335
1 iDSE 2.247898161349799 7.770504435900017
1 iDSE 0.6675911078575965 3.33902432290707
1 iDSE 2.331760698830546 1.443772413729588
1 iDSE 0.8233236290419446 1.4844492687193065
1 iDSE 2.5268583953930537 0.3563503235970302
1 iDSE 1.8918337330473936 6.28639903272715
1 iDSE 2.360031812344278 5.938727054558771
1 iDSE 2.092381772683836 1.3705464548857629
1 iDSE 2.4543589114543636 1.1773473433853745
1 iDSE 2.593027597866728 0.25256004408936916
1 iDSE 2.656379915101347 0.23304063145350473
1 iDSE -0.13112346993798363 17.296439744935256
1 iDSE 1.2048988530288653 11.941573647891772
1 iDSE 0.08563589504419444 13.647379111600706
1 iDSE 1.2482850387792106 8.953076511646096
1 iDSE 0.2013998444815479 10.236879867042912
1 iDSE 1.3618125383718231 6.159915472612787
1 iDSE 0.014886801037967468 15.248159011510118
1 iDSE 1.2801668901719663 10.647541057859176
1 iDSE 0.19713782160589277 12.18256518677434
1 iDSE 1.326187252695597 8.015107617421526
1 iDSE 0.30717852495092757 9.14468448954812
1 iDSE 1.4358413414516495 5.541649954577986
1 iDSE 0.9322369480628396 7.576567590096882
1 iDSE 1.3118508226448946 7.139684724677215
1 iDSE 1.0894133507427792 6.070144804245386
1 iDSE 1.3679073362372942 5.696124399378953
1 iDSE 1.406179702848454 4.293378627767605
1 iDSE 1.5063748270562947 4.156016269450956
1 iDSE -0.10821481295482094 17.329580656725696
1 iDSE 1.2806994275533174 12.102334556470637
1 iDSE 0.10729831610652263 13.75997645751395
1 iDSE 1.3304816401330344 9.012980211717714
1 iDSE 0.23732945988335907 10.252850443877463
1 iDSE 1.4540488038339898 6.186336344721469
1 iDSE 0.04417165372289067 15.351122201184872
1 iDSE 1.3611972037451316 10.842014153936253
1 iDSE 0.23618439681786008 12.306366559154867
1 iDSE 1.398981414743825 8.164967721486887
1 iDSE 0.3492243917767097 9.227790150668575
1 iDSE 1.5337684061570585 5.617538986182886
1 iDSE 1.0526302710461173 7.621371136662537
1 iDSE 1.42939694798345 7.314315872944464
1 iDSE 1.1985220456018308 6.132561201803035
1 iDSE 1.4848672530828129 5.829434690401826
1 iDSE 1.5417081562528776 4.329821431078159
1 iDSE 1.5885896789000062 4.269878509533852
1 iDSE -0.1575903174884159 16.311074548910423
1 iDSE 1.6115728494118966 9.527717908869977
1 iDSE 0.038530347539917464 12.500129525637437
1 iDSE 1.6527058986995993 6.730617692486393
1 iDSE 0.15806922693724967 8.997163388365275
1 iDSE 1.76337557694134 4.320105623884202
1 iDSE -0.004469868868158922 14.341467608498716
1 iDSE 1.74291137157764 8.35804936455107
1 iDSE 0.14816759402154855 11.076022293541765
1 iDSE 1.8076567756595896 5.835659352700094
1 iDSE 0.25225354198182015 7.946653299220804
1 iDSE 1.9263870819043087 3.7042281592517794
1 iDSE 1.1942387399692578 6.668254618551789
1 iDSE 1.8430395552573815 5.911491435529046
1 iDSE 1.3985820831414473 4.92325768010521
1 iDSE 1.9040582029988555 4.328552447624578
1 iDSE 1.825560197280335 3.0751890584494914
1 iDSE 0.0 0.0
1 iDSE -0.07653064083447947 15.995674716662233
1 iDSE 0.0 0.0
1 iDSE 0.1614391161692863 12.057701477399396
1 iDSE 1.8772557167725883 6.546621188479729
1 iDSE 0.30185731972095464 8.50905619885309
1 iDSE 0.0 0.0
1 iDSE 0.13047807413591173 13.97146054621255
1 iDSE 2.0093538390409105 8.33896972551309
1 iDSE 0.3167402570522877 10.618070219955042
1 iDSE 2.0547485333486444 5.770276885739581
1 iDSE 0.4369568463031266 7.491058079958924
1 iDSE 2.187401789128374 3.628437427909742
1 iDSE 1.5205816501104152 6.545140489064813
1 iDSE 0.0 0.0
1 iDSE 1.711929439986267 4.799419659878517
1 iDSE 2.181648236178997 4.378504396353552
1 iDSE 2.2140561837381787 2.9408032713355636
1 iDSE 2.333129904180093 2.8508130216292313
1 iDSE -0.04782607869662214 12.668207964578068
1 iDSE 1.8162716733776594 6.903132865340404
1 iDSE 0.19943273237445136 3.0394969261433564
1 iDSE 1.899072812096442 0.853536544297179
1 iDSE 0.33920556576679695 1.2163707221520408
1 iDSE 2.0037701838469544 0.030633212246642838
1 iDSE 0.13521116359876206 10.804036153469017
1 iDSE 0.46515045977600944 0.8691700102078304
1 iDSE 2.1835765016056947 -0.11251896640642811
1 iDSE 2.134936043513249 0.40219482495500025
1 iDSE -0.029379458011838055 12.62148560091674
1 iDSE 2.04618117172405 6.676091392655141
1 iDSE 0.21974473940822437 3.0008604142475583
1 iDSE 2.101881126536183 0.7457566723926257
1 iDSE 0.37240132182990004 1.200539013407428
1 iDSE 2.2356172398537435 -0.023695590429728908
1 iDSE 0.4068016552724014 2.3326039510177985
1 iDSE 2.3338487342219274 0.5264508017071641
1 iDSE 1.9215651015142008 0.5608174755164852
1 iDSE 2.433871275389573 0.3657459818285922
1 iDSE 2.6152086695033994 -0.23233459778030963
1 iDSE -0.055025171445636345 12.635386721430235
1 iDSE 1.8113690180842652 6.879094342483924
1 iDSE 0.19246792911109978 3.0254157530739443
1 iDSE 1.8854172029896548 0.8487045208753605
1 iDSE 0.33574794865009006 1.2157814543847407
1 iDSE 2.0028143627999815 0.025888633444540732
1 iDSE 2.037728322231907 4.198260016795778
1 iDSE 2.1268467311056063 0.40291175332077955
1 iDSE -0.030784841718405787 12.588262100100902
1 iDSE 0.0 0.0
1 iDSE 0.21547242216202567 3.000821691251402
1 iDSE 2.08891875493318 0.7588373994414972
1 iDSE 0.3733237795187645 1.1914868568792873
1 iDSE 2.2263941481121012 -0.02620857148770339
1 iDSE 2.2539352055306114 5.718487491695504
1 iDSE 2.3060891695802783 0.53555963310707
1 iDSE 0.5399726211224773 0.8457833165788646
1 iDSE 2.4470679573353484 -0.14724169483653748
1 iDSE 1.6605068331533017 4.772533700528988
1 iDSE 1.8859907850447728 0.5690518459011451
1 iDSE 2.5083937706202435 -0.2214946644035184
1 iDSE 2.6052000114211875 -0.23137037862278154
1 iDSE -0.10914614682441193 15.415051720145968
1 iDSE 1.2533196072406998 10.69547213890556
1 iDSE 0.11286935476956672 12.371478370560293
1 iDSE 1.2999020833670691 8.186041400694585
1 iDSE 0.2277258435731897 9.489037611005685
1 iDSE 1.4136097428438608 5.765452239271916
1 iDSE 0.045094399712136024 13.690710701824642
1 iDSE 1.3367510688792796 9.585637956216559
1 iDSE 0.23036570446544147 11.097641817937781
1 iDSE 1.3866487976161381 7.35955117280489
1 iDSE 0.34126578738060775 8.48482570895642
1 iDSE 1.4962365058581253 5.197965990255688
1 iDSE 1.0033883189319228 7.010383010680579
1 iDSE 1.391293036881895 6.609243858856556
1 iDSE 1.161669943095836 5.662473948196045
1 iDSE 1.446598953591371 5.329593353250484
1 iDSE 1.4862388613347592 4.047654402879923
1 iDSE 1.5834832221831925 3.9438115332681454
1 iDSE -0.08718417862579142 15.295171528422106
1 iDSE 1.3321605823252436 10.772495671135749
1 iDSE 0.13359764981602806 12.359017685377726
1 iDSE 1.3877595183863183 8.217342572682647
1 iDSE 0.2672642211834495 9.46344271781222
1 iDSE 1.5144827679396458 5.776540470822122
1 iDSE 0.07041982985156703 13.673868384834309
1 iDSE 1.4221876359383505 9.736711564740569
1 iDSE 0.26800863266169395 11.133503846198076
1 iDSE 1.4606782828889515 7.485878853724499
1 iDSE 0.38321292418056085 8.561938566762736
1 iDSE 1.597343702799948 5.264482062475699
1 iDSE 1.1180287048833049 7.058004136841321
1 iDSE 1.5004323380028848 6.731608536369212
1 iDSE 1.2678691316906763 5.736724703928335
1 iDSE 1.5575853773366704 5.436340497642738
1 iDSE 1.6229276709661544 4.099102458129843
1 iDSE 1.6659193087933382 4.040182270969176
1 iDSE -0.13512163914553388 14.575394411898731
1 iDSE 1.6709381143152218 8.549225653664507
1 iDSE 0.06569984681592511 11.35024115554693
1 iDSE 1.716819896058852 6.183243611715578
1 iDSE 0.1826288408112442 8.365276735438112
1 iDSE 1.822339172210481 4.057265035092632
1 iDSE 0.025737408029263165 12.87346356188167
1 iDSE 1.8111348153835936 7.518226111321695
1 iDSE 0.18063115786978523 10.111943342569178
1 iDSE 1.8812246879858434 5.375839034659427
1 iDSE 0.2830861440752419 7.393197196291229
1 iDSE 1.9941384172476777 3.4795588944413263
1 iDSE 1.2750731038586745 6.138750479577464
1 iDSE 1.9385614388855767 5.435973128617476
1 iDSE 1.4815512550717704 4.584375657117157
1 iDSE 1.99996230735447 4.041332395374281
1 iDSE 1.9182228659562872 2.8951653378605076
1 iDSE 2.124389399152184 2.703417942536926
1 iDSE -0.05358149139559054 14.119367561675878
1 iDSE 1.9135924213761535 8.353010800897716
1 iDSE 0.19062988571171235 10.853993204381052
1 iDSE 1.94912932431478 5.97773718277943
1 iDSE 0.332596769048749 7.877561737437045
1 iDSE 2.075141239662632 3.9094085244799803
1 iDSE 0.16115699401302885 12.415373919926552
1 iDSE 2.0906945425476446 7.467394561752695
1 iDSE 0.3528862952071232 9.625191360798885
1 iDSE 2.1384336553364935 5.293046418588092
1 iDSE 0.4737848656859971 6.979098070605732
1 iDSE 2.2703261385984344 3.408793168843914
1 iDSE 1.603492098044367 6.029550112759966
1 iDSE 2.2221480722615485 5.515976538151148
1 iDSE 1.800263752347366 4.4773671251923854
1 iDSE 2.2782122007516996 4.0709590863296885
1 iDSE 2.3176567109739565 2.786756162543173
1 iDSE 2.4337131986996003 2.691813332228287
1 iDSE -0.026487355830419834 11.60340310125579
1 iDSE 1.865390960946982 6.382704584283393
1 iDSE 0.2278916319971489 2.945547909627962
1 iDSE 1.948378247591438 0.8217444098523294
1 iDSE 0.3778634582246836 1.1903033414353401
1 iDSE 2.088319367748066 0.018465436732740814
1 iDSE 0.1686591024308426 9.923322223551963
1 iDSE 0.5091218585949291 0.8473449978151768
1 iDSE 2.2829449030885316 -0.1256618185416709
1 iDSE 2.234540624200449 0.38474772014108716
1 iDSE -0.005887524172189962 11.569433791624611
1 iDSE 2.1076310935329228 6.1284567263353695
1 iDSE 0.25038875468823574 2.91029413657939
1 iDSE 2.170241636289026 0.7093872399181822
1 iDSE 0.408649818593807 1.1716903132615162
1 iDSE 2.3189644256133426 -0.03367249222087709
1 iDSE 0.4452151499751942 2.2700647942178627
1 iDSE 2.4186282780815573 0.5000432699028667
1 iDSE 2.0121786975543716 0.5421687619370381
1 iDSE 2.5361257417985508 0.34831379953400554
1 iDSE 2.7283989684566854 -0.2383091923270817
1 iDSE -0.03445019224038115 11.569218497286386
1 iDSE 1.861737552286955 6.338178106959663
1 iDSE 0.21979055583575113 2.926105429393786
1 iDSE 1.9359693335763555 0.8133313207807511
1 iDSE 0.3734263907035311 1.1832576585797607
1 iDSE 2.0776725723508838 0.013686788824731178
1 iDSE 2.117700260848865 3.9394810244144916
1 iDSE 2.2168632196543716 0.3798547334885818
1 iDSE -0.008688792974849924 11.551448037726752
1 iDSE 2.098059511512553 6.088139791470265
1 iDSE 0.2458118358238106 2.915202909550329
1 iDSE 2.1511546546143574 0.7213375266995266
1 iDSE 0.4089693139548165 1.160517048192402
1 iDSE 2.310575580395802 -0.03706772188676111
1 iDSE 2.325383814155231 5.269311671365547
1 iDSE 2.3851275851836022 0.5074705631975855
1 iDSE 0.5852712013091397 0.8210285232314225
1 iDSE 2.538105943133475 -0.15739373351891872
1 iDSE 1.7493666421702163 4.488414269651717
1 iDSE 1.9817487715108406 0.5474611309142134
1 iDSE 2.6200580257944415 -0.2253821475835932
1 iDSE 2.718966991602704 -0.23946830814085396
1 iDSE -0.13110903190912604 14.147762439896388
1 iDSE 1.2172875458265398 9.998305010455466
1 iDSE 0.08464851009413676 11.473545539413216
1 iDSE 1.2610978025529516 7.693796452840271
1 iDSE 0.20008337967037737 8.82882841241205
1 iDSE 1.3796222269725869 5.427475436991926
1 iDSE 0.01569181833661326 12.688665213500025
1 iDSE 1.2884596126773813 9.01488875826708
1 iDSE 0.19311873428835402 10.400780889598401
1 iDSE 1.3373350387804281 6.971177121390103
1 iDSE 0.30655553092261334 7.989305690731122
1 iDSE 1.4625125157853485 4.919068231188693
1 iDSE 0.947237357235319 6.660047729373651
1 iDSE 1.336947091686762 6.278217643501763
1 iDSE 1.100220570243645 5.408421073484528
1 iDSE 1.3980654626737734 5.0487465671572105
1 iDSE 1.4263560804345596 3.9047118388295052
1 iDSE 1.5232517028981878 3.7611630969850776
1 iDSE -0.10552805117421116 14.158767855854611
1 iDSE 1.3140783269349634 10.0212826242478
1 iDSE 0.10981123337786047 11.508953118295631
1 iDSE 1.3375457275836706 7.72948475082884
1 iDSE 0.24265644093596728 8.833476468372881
1 iDSE 1.4612111760175002 5.469838648680881
1 iDSE 0.052136751723633745 12.70066140785021
1 iDSE 1.3768496749787276 9.11323838906151
1 iDSE 0.24169582857521865 10.398903985881704
1 iDSE 1.4061626064176176 7.050129267332435
1 iDSE 0.3522509021719209 8.027489793435748
1 iDSE 1.556380554347919 4.97639244213855
1 iDSE 1.073839328920124 6.707347218498439
1 iDSE 1.4427242775844134 6.3905110300282635
1 iDSE 1.1935160892192882 5.4682875157861925
1 iDSE 1.4958595441743565 5.158953535003491
1 iDSE 1.551792442139928 3.908973908919771
1 iDSE 1.6221883590829664 3.838897272022428
1 iDSE -0.16098564294010598 13.40820945536961
1 iDSE 1.6343867310536653 8.014723591535775
1 iDSE 0.03970171584146631 10.537482820973358
1 iDSE 1.6793540330717924 5.80078141732759
1 iDSE 0.1547844521256403 7.815808182815887
1 iDSE 1.7778969963306892 3.828827435288672
1 iDSE -0.009004144709228057 11.96887863042043
1 iDSE 1.7576644660246528 7.096572804958118
1 iDSE 0.14433924730890557 9.450011931756453
1 iDSE 1.826024778899356 5.070681788568725
1 iDSE 0.24145129357010475 6.985497055565903
1 iDSE 1.9311479752527778 3.285501733553877
1 iDSE 1.1839193020374652 5.877048166492798
1 iDSE 0.0 0.0
1 iDSE 1.421741152550963 4.377665406146937
1 iDSE 1.9361981284194436 3.813204613285099
1 iDSE 1.8612874392093688 2.773842612871243
1 iDSE 2.0656154016272823 2.557666158748593
1 iDSE -0.07291164491088797 13.12271995568585
1 iDSE 1.858008744465899 7.859667504026367
1 iDSE 0.1580026768580458 10.152981489642938
1 iDSE 1.8964496205431667 5.640271374357026
1 iDSE 0.31306086782403053 7.3387701790230615
1 iDSE 2.0321000172024446 3.67075257273411
1 iDSE 0.13519214157612458 11.596853146435866
1 iDSE 2.0512899677878424 7.013141447288687
1 iDSE 0.3229055609046245 9.003226900672127
1 iDSE 2.089864978775783 4.97200389255335
1 iDSE 0.44999041029115827 6.518726579180983
1 iDSE 2.23354120743151 3.199526081891686
1 iDSE 1.5108222820204449 5.768583517122185
1 iDSE 2.165388689822694 5.223873919751271
1 iDSE 1.740011803889161 4.251422246303025
1 iDSE 2.2260246726224255 3.8376491247702544
1 iDSE 2.3613736685250872 2.548358790905624
1 iDSE -0.0423978606167813 10.432831522952291
1 iDSE 1.8500244097773098 5.880196159148155
1 iDSE 0.2077898958692943 2.7503486517455316
1 iDSE 1.918151919967169 0.7432379641577889
1 iDSE 0.3451753552765897 1.0821936555072735
1 iDSE 2.0420278235290144 -0.023000347861466652
1 iDSE 0.1429245088187654 9.021464394503594
1 iDSE 2.0044355391137985 5.026181293132685
1 iDSE 0.47335213416339794 0.7645586146415491
1 iDSE 2.1006776739785673 3.6739318794767897
1 iDSE 1.6297231336092382 0.5457899529179928
1 iDSE 2.179980923000165 0.32628284682878683
1 iDSE 2.1728246760841934 -0.21510133803033216
1 iDSE -0.018379823372026816 10.413394313445727
1 iDSE 2.0991899275541295 5.659098053046364
1 iDSE 0.22988635567865634 2.710911793997394
1 iDSE 2.156648770788096 0.6437961332699516
1 iDSE 0.3845992757622023 1.0595934445933715
1 iDSE 2.274302892391163 -0.08045205313548043
1 iDSE 0.2152724584660306 8.95741782333827
1 iDSE 2.3087917757215055 4.8882512755552066
1 iDSE 0.4179700778845017 2.097380435237768
1 iDSE 2.377136807535042 0.4425826491364129
1 iDSE 0.5669586484870994 0.729297681229254
1 iDSE 2.501818851505771 -0.19587791063399718
1 iDSE 1.6827180038662712 4.2011735457895085
1 iDSE 2.428900293068359 3.658594239109779
1 iDSE 2.512235952422027 0.2813641356602392
1 iDSE 2.5370310059835917 -0.24952364505988278
1 iDSE 2.6431794873185384 -0.27121344233997957
1 iDSE -0.050649710135055925 10.441306250777572
1 iDSE 1.8440668565928355 5.860854915435977
1 iDSE 0.2028545432918072 2.740260590180798
1 iDSE 1.9026419775729342 0.7465639779157105
1 iDSE 0.34445856909126116 1.0811877670570524
1 iDSE 2.0361509561466016 -0.026616181934241978
1 iDSE 2.22695660757754 -0.16666628321440247
1 iDSE 2.069894137569828 3.680663254856152
1 iDSE 1.626283287461331 0.5446368755368105
1 iDSE 2.2136833693697846 0.3151621976034895
1 iDSE 2.1714944975315396 -0.21368705602990568
1 iDSE -0.021565202638788805 10.417624370524033
1 iDSE 2.0859486247138572 5.638530690877484
1 iDSE 0.23267239157004482 2.6960780470548227
1 iDSE 2.144455617814851 0.649697152437464
1 iDSE 0.3860760617052761 1.053799196067275
1 iDSE 2.271012558177988 -0.08078799502676737
1 iDSE 0.20591059726551153 8.975589326965382
1 iDSE 2.3015534481672866 4.879673536417668
1 iDSE 0.412954760419072 2.097585256119646
1 iDSE 2.350462465829261 0.4452027138875745
1 iDSE 0.5605694897085887 0.7333160578696829
1 iDSE 2.4972454722002997 -0.19516193660329728
1 iDSE 1.672847463182738 4.205487876833585
1 iDSE 1.9181857334604944 0.4864076534551012
1 iDSE 2.48539481546635 0.2852294282763417
1 iDSE 2.5395172635749157 -0.24961615812866222
1 iDSE -0.12432817593759515 12.330407676926892
1 iDSE 1.2292066900618277 8.803153133910785
1 iDSE 0.09228140970710097 10.13023050330135
1 iDSE 1.2706776526116665 6.922009448483389
1 iDSE 0.207714272712771 7.9767425010410395
1 iDSE 1.392218950502616 4.979843786097545
1 iDSE 0.025326202370224538 11.173689084931402
1 iDSE 1.3046804806978414 8.020422796195849
1 iDSE 0.20283414726758808 9.253619600963045
1 iDSE 1.3513409689953675 6.314324271024464
1 iDSE 0.3142095722949243 7.246017311177523
1 iDSE 1.478536551325608 4.540255067369229
1 iDSE 0.9699314017369045 6.102879365184097
1 iDSE 1.3631938588874535 5.761657745303646
1 iDSE 1.1220758664677621 4.996538717995756
1 iDSE 1.4212288967385551 4.695340639448343
1 iDSE 1.449550258070266 3.6302912979001416
1 iDSE 1.548940814786738 3.520159782058429
1 iDSE -0.10004246576062614 12.27424721580696
1 iDSE 1.3282123472789573 8.793245841913707
1 iDSE 0.11539644558109052 10.160728223965943
1 iDSE 1.3516078693254183 6.938840596535607
1 iDSE 0.24617415062793224 7.938412561744435
1 iDSE 1.4752355399070982 4.999090164665162
1 iDSE 0.059765001039109755 11.132777866095356
1 iDSE 1.395809943909864 8.07561296421365
1 iDSE 0.24959460285420132 9.259530768907538
1 iDSE 1.423558446566286 6.373079428854973
1 iDSE 0.35913895336932145 7.265297489704565
1 iDSE 1.57377611837587 4.576597968346895
1 iDSE 1.097775509022735 6.116532763273627
1 iDSE 1.4722778297239016 5.827496639788201
1 iDSE 1.2166941266588838 5.032320216187461
1 iDSE 1.5247981868632983 4.758041304510993
1 iDSE 1.5836736109646337 3.6379129339275798
1 iDSE 1.652600023500629 3.580082833861426
1 iDSE -0.15439664304980505 11.708593455846994
1 iDSE 1.6506232751633472 7.072231008565534
1 iDSE 0.04802856698322722 9.344285955011276
1 iDSE 1.6938038988604807 5.240838299812206
1 iDSE 0.16430752699331141 7.095563839943296
1 iDSE 1.796758438815096 3.5255188378780975
1 iDSE 0.0016250218685986972 10.531655177393331
1 iDSE 1.7793645302422485 6.303252044515993
1 iDSE 0.1550071698021429 8.43383134566077
1 iDSE 1.8465266296993388 4.609544064483305
1 iDSE 0.2512805881114315 6.363999862499807
1 iDSE 1.950797219260958 3.042277562960969
1 iDSE 1.2104640551225403 5.358547311730821
1 iDSE 1.8964754172222342 4.71522514601751
1 iDSE 1.4477383158214492 4.033953282641211
1 iDSE 1.9657156918609444 3.5440037320718103
1 iDSE 1.8908983190954083 2.573136091013467
1 iDSE 2.0975519367538054 2.3931995917490636
1 iDSE -0.066173683224657 11.398635682626866
1 iDSE 1.8771336893303276 6.904288278394346
1 iDSE 0.16497259838685618 9.00562870041832
1 iDSE 1.9122682558445567 5.077752581933261
1 iDSE 0.31841293347234023 6.633097850873818
1 iDSE 2.0501197171190744 3.3595662328713223
1 iDSE 0.14305171921599258 10.164399973175415
1 iDSE 2.075147977998552 6.20132857736668
1 iDSE 0.329884655777515 8.04672288935133
1 iDSE 2.1121598598467073 4.498831743786296
1 iDSE 0.45373713062885757 5.936275651969798
1 iDSE 2.2493987781813822 2.940283380384081
1 iDSE 1.539346721473772 5.222956358568319
1 iDSE 2.204389194103893 4.723326995555265
1 iDSE 1.767719563198758 3.9075622369815273
1 iDSE 2.256584950647712 3.53487428421064
1 iDSE 2.2701244693677607 2.457691820762762
1 iDSE 2.390176572037475 2.372599932222499
1 iDSE -0.032128471586219676 9.375839359791236
1 iDSE 1.8732516660428287 5.353847861859776
1 iDSE 0.22054934072945498 2.623225932185612
1 iDSE 1.9388698325398521 0.7067180045151158
1 iDSE 0.3616044660464184 1.0509479152534746
1 iDSE 2.079466590603613 -0.03882994949600116
1 iDSE 0.15731881218862065 8.155200178902575
1 iDSE 2.0313865258145243 4.586617749801553
1 iDSE 0.49032222026118144 0.7383831568474806
1 iDSE 2.138326931761323 3.4106218857128336
1 iDSE 1.6647091695679932 0.5150226487334957
1 iDSE 2.2167495163658706 0.30472737707093844
1 iDSE 2.2129651242337394 -0.2235538336399835
1 iDSE -0.008941869610351483 9.334787730401318
1 iDSE 2.1193682257364608 5.139366996715536
1 iDSE 0.24114569345874992 2.5785562310820986
1 iDSE 2.175163204685263 0.6099852363133365
1 iDSE 0.3966016166161006 1.0194772277183515
1 iDSE 2.301063298862251 -0.0893356493312748
1 iDSE 0.22677702535650957 8.08761403232292
1 iDSE 2.329057914901753 4.458741241578845
1 iDSE 0.4273921879269875 1.9989933600741092
1 iDSE 2.3959596606433626 0.413831168924671
1 iDSE 0.5818649785903574 0.6982646986530974
1 iDSE 2.5376073648378 -0.20426196130746133
1 iDSE 1.7070328263069947 3.894971672839671
1 iDSE 2.4639065610955795 3.387151435199913
1 iDSE 2.542588326627718 0.258733853058567
1 iDSE 2.578610973171369 -0.25817347267273905
1 iDSE 2.6866065289699086 -0.2793579489997038
1 iDSE -0.03797619017600551 9.388308917844936
1 iDSE 1.8773050672440643 5.356045420245986
1 iDSE 0.21816216877195016 2.6136077010779024
1 iDSE 1.933496380728755 0.7137335144448385
1 iDSE 0.36232276966911714 1.0511217601753367
1 iDSE 2.075208964163005 -0.0402654146750423
1 iDSE 2.2714574860545365 -0.17991630248418156
1 iDSE 2.1116449265758606 3.4085863943564014
1 iDSE 1.668917069367402 0.5129309168093594
1 iDSE 2.252753523847533 0.29361201570276063
1 iDSE 2.2159465855387857 -0.22377339027309373
1 iDSE -0.00843155561451403 9.33509415391991
1 iDSE 2.117188409583408 5.136863068023927
1 iDSE 0.24812768683241004 2.565453895367018
1 iDSE 2.174435273010909 0.6157883207912511
1 iDSE 0.4012140315540189 1.0136924776403173
1 iDSE 2.3058377223921456 -0.09007445423471594
1 iDSE 0.21964918159827196 8.095756555018786
1 iDSE 2.330856298552157 4.4535316335594395
1 iDSE 0.4260486334705955 1.9948866042000413
1 iDSE 2.378753529637514 0.4157274067849257
1 iDSE 0.5744585317682853 0.7000149968674516
1 iDSE 2.531434858030403 -0.2045486467690919
1 iDSE 1.7002230623999535 3.8891871129355966
1 iDSE 1.9379745136754174 0.4546854945015031
1 iDSE 2.518697821296928 0.26282099378918833
1 iDSE 2.5768747903345126 -0.2594208819401973
1 iDSE -0.36859972561653276 13.570349278527011
1 iDSE 0.8831320126919828 8.216758234035465
1 iDSE -0.1947353103173992 10.784466626307475
1 iDSE 0.9175334191808691 6.228760872829033
1 iDSE -0.08980002461227798 8.044279317628478
1 iDSE 1.062925749339703 4.150353652543368
1 iDSE -0.2584189999503813 11.743637957586504
1 iDSE 0.9438391304522016 7.207262620753358
1 iDSE -0.11350381957524336 9.511743989911889
1 iDSE 0.9668333391042365 5.4962318946502435
1 iDSE -0.015611623476424197 7.18305559136315
1 iDSE 1.1235881216597017 3.721709397253804
1 iDSE 0.5706485689061402 5.022539173061303
1 iDSE 0.9619107980815276 4.627731566668632
1 iDSE 0.7142991622282449 4.049234373486659
1 iDSE 1.0016373668143497 3.7154617237863548
1 iDSE 1.0607463952432217 2.769809606170939
1 iDSE 1.167211257225666 2.65051752103383
1 iDSE -0.37123637059084014 13.687124770634444
1 iDSE 0.9238495779332858 8.355839258820234
1 iDSE -0.20969765465589985 10.998535014813433
1 iDSE 0.9639895785952592 6.2966773480019835
1 iDSE -0.09662728405136611 8.23287921996389
1 iDSE 1.1286488080727568 4.204238651171319
1 iDSE -0.24975169980860557 11.848880784946688
1 iDSE 0.9881244590774436 7.36274760788895
1 iDSE -0.10627714632564023 9.6745185348087
1 iDSE 1.0273929063013063 5.58964452697373
1 iDSE -0.0006692472615839051 7.284741834853081
1 iDSE 1.2106953097760433 3.741266610253205
1 iDSE 0.6646370434249509 5.041274280278378
1 iDSE 1.0531434577156316 4.727770607570186
1 iDSE 0.7853247839240161 4.093866538625332
1 iDSE 1.0793757141403675 3.8096295449336495
1 iDSE 1.187184244632491 2.7698688764089545
1 iDSE 1.2694087447197515 2.6991093470628087
1 iDSE -0.4056656627502424 12.665081217186982
1 iDSE 0.0 0.0
1 iDSE -0.25414330894755555 9.812121584375324
1 iDSE 1.3275057703188788 4.237555009861186
1 iDSE -0.15506090384644877 7.103643714598139
1 iDSE 1.4934274933918759 2.605946996315661
1 iDSE -0.2924468998430956 10.882119942514684
1 iDSE 1.3985206985160614 5.067064134747849
1 iDSE -0.18488142174535194 8.623430709100369
1 iDSE 1.4457367770051173 3.574813160434191
1 iDSE -0.09442797350903886 6.240294931794313
1 iDSE 1.639689780148657 2.157500652170595
1 iDSE 0.7351968254124994 4.26900560606041
1 iDSE 0.0 0.0
1 iDSE 0.9454868498549323 3.1234852988537645
1 iDSE 1.5229384754448274 2.524127665786222
1 iDSE 1.4329947208684324 1.8132930350710499
1 iDSE 1.7286896205139208 1.5693987701968437
1 iDSE -0.35396477311066965 12.316577708831561
1 iDSE 1.4752015803827652 5.773205676360782
1 iDSE -0.18100059509977617 9.445542860074873
1 iDSE 1.5006011287095928 4.100565258117412
1 iDSE -0.059300593601022245 6.69310710462208
1 iDSE 1.6797865110410655 2.503747323489144
1 iDSE -0.20140902963656182 10.471238263511184
1 iDSE 0.0 0.0
1 iDSE -0.056265884515033004 8.127295350552142
1 iDSE 1.6457912152341452 3.5224937710110273
1 iDSE 0.05280838810249522 5.761820504419097
1 iDSE 1.849864157909607 2.1045621268279158
1 iDSE 1.0610872685201023 4.031608422319408
1 iDSE 0.0 0.0
1 iDSE 1.2436799196358876 2.959673692811201
1 iDSE 1.7528926285736572 2.55420234423576
1 iDSE 1.8366423658778328 1.6434334836020357
1 iDSE 1.960288112189517 1.5679551629491084
1 iDSE -0.3233423522202036 9.538438260914765
1 iDSE 1.5725547556675652 4.027557590903031
1 iDSE -0.11964511534907596 2.2867062914751095
1 iDSE 1.6359957641017688 0.24060521803130475
1 iDSE 0.010572143890827723 0.8050282521188294
1 iDSE 1.806330775692727 -0.32156522382792585
1 iDSE -0.17766358944096328 7.875972387766414
1 iDSE 1.6992607028623183 3.292652323678392
1 iDSE -0.019850809470207786 1.705778197135344
1 iDSE 1.7547116207537181 0.06932216817008707
1 iDSE 0.08973496806676318 0.5104361537991391
1 iDSE 1.9656389579348228 -0.4215499899959835
1 iDSE 0.8862001407202784 2.9904576881692098
1 iDSE 1.7808326029644004 2.247452931692259
1 iDSE 1.1396168020253619 0.16108036420410143
1 iDSE 1.8393431819720747 -0.07575335685808149
1 iDSE 1.8022630771301613 -0.44171624606879034
1 iDSE 2.051767099744402 -0.4850780827191553
1 iDSE -0.31898857169211003 9.398604923484115
1 iDSE 1.7270639924159914 3.8325158043392937
1 iDSE -0.12874406258861681 2.303087040730395
1 iDSE 1.7581551040838077 0.18798275939760734
1 iDSE 0.00950537976641419 0.7995278145737528
1 iDSE 1.9687936345644368 -0.3545378655637582
1 iDSE -0.14863172715636563 7.736847162793264
1 iDSE 1.9162596478571619 3.1898505743298324
1 iDSE 0.016777401090593447 1.6868647475441887
1 iDSE 1.963259256039294 0.03102451322938915
1 iDSE 0.14186226853615302 0.48881068102571135
1 iDSE 2.1706682942999773 -0.438868821323812
1 iDSE 1.169978399360089 2.792387379568068
1 iDSE 2.02414505766527 2.245975488175951
1 iDSE 1.4224563522505407 0.09070533233476308
1 iDSE 2.0793516799171328 -0.09700865375605827
1 iDSE 2.1552038230431356 -0.47679266085478056
1 iDSE 2.320764134617962 -0.49932288979289596
1 iDSE -0.3283626629957008 9.43874194762998
1 iDSE 0.0 0.0
1 iDSE -0.1193346918560001 2.2550419923388882
1 iDSE 1.6107945535901256 0.23551811268127043
1 iDSE 0.0047315824017595265 0.7923180795653062
1 iDSE 1.79023699595772 -0.3254656303475376
1 iDSE -0.18013507856147137 7.801104430833897
1 iDSE 1.6746668771420548 3.2592225956681675
1 iDSE -0.027575246883870252 1.701886804229638
1 iDSE 1.7509300329822386 0.0556304085868744
1 iDSE 0.08515879372270851 0.5063382471211315
1 iDSE 1.9374015087694052 -0.42239586024874565
1 iDSE 0.8756949780729002 2.935642449774606
1 iDSE 1.7569295560989593 2.2315557636086893
1 iDSE 1.1496247799935309 0.1424763089498169
1 iDSE 1.8308089537519203 -0.07985307935053987
1 iDSE 1.7922147720489985 -0.44476756880325286
1 iDSE 2.0260529051959684 -0.4869060344524211
1 iDSE -0.3281200407965942 9.300827019595575
1 iDSE 1.7270556305257467 3.7606617579174424
1 iDSE -0.1334689970374323 2.259142583216068
1 iDSE 1.7522487081680285 0.1734269623063569
1 iDSE 0.00627161356853434 0.7871179585554082
1 iDSE 1.9749211512775022 -0.3641639766522702
1 iDSE -0.14736016827904386 7.604831113204753
1 iDSE 1.907977226149363 3.128196182913001
1 iDSE 0.010287855770274135 1.6582849102765462
1 iDSE 1.962158579451435 0.015740782882466053
1 iDSE 0.14477832756971032 0.4706674156079107
1 iDSE 2.161125544129589 -0.444705266918653
1 iDSE 1.1470788532023364 2.756283453618256
1 iDSE 2.0158285149871777 2.2057453445856137
1 iDSE 1.393528624833099 0.08156595383980303
1 iDSE 2.093481612223672 -0.10811946124226912
1 iDSE 2.167857129265157 -0.48427667058598767
1 iDSE 2.331838706322751 -0.5058813905846151
1 iDSE -0.3509627617860238 11.842119817625825
1 iDSE 0.9246260680185208 7.279739712576559
1 iDSE -0.1723659573656553 9.605840091274947
1 iDSE 0.9634838723066832 5.630875120117333
1 iDSE -0.06924238032484342 7.354053789815437
1 iDSE 1.105683828003396 3.844869008846925
1 iDSE -0.234476962369486 10.37487989568082
1 iDSE 0.9946863614316259 6.42867900562349
1 iDSE -0.08603578654077804 8.531376661954226
1 iDSE 1.0190638258796385 4.984942665742968
1 iDSE 0.009834562158953286 6.587464686731959
1 iDSE 1.174371096496627 3.4437285922198324
1 iDSE 0.6346261973504981 4.627064676820995
1 iDSE 1.0330336153509694 4.241270838228968
1 iDSE 0.7805480032091494 3.757719109820912
1 iDSE 1.0753781883785813 3.447586402409886
1 iDSE 1.1328640262842042 2.60574019499175
1 iDSE 1.2368048847792505 2.475491703405148
1 iDSE -0.35443410802534203 11.887430469892179
1 iDSE 0.9680895451903071 7.380792579437211
1 iDSE -0.18808716805645154 9.736679173927225
1 iDSE 1.013417897131332 5.6845888164869525
1 iDSE -0.0735043237175701 7.469688600877145
1 iDSE 1.1799979800063745 3.87023470894923
1 iDSE -0.22751854964511276 10.405250818177812
1 iDSE 1.0438983374802921 6.547818738234248
1 iDSE -0.07931282357289049 8.628498084499853
1 iDSE 1.0862361672006067 5.082507654131587
1 iDSE 0.02765080492364791 6.646976295594861
1 iDSE 1.2687657351436532 3.457531742528925
1 iDSE 0.7240782422849907 4.617939899305015
1 iDSE 1.1230541343512956 4.313027130207345
1 iDSE 0.848886692658608 3.7904366233201037
1 iDSE 1.1501736975535208 3.5232593732216495
1 iDSE 1.2645927546116904 2.597304926987037
1 iDSE 1.3448799894357486 2.5216978950778715
1 iDSE -0.3900572168985921 11.104829818667971
1 iDSE 1.3401701746552979 5.29079092672502
1 iDSE -0.23325970443226707 8.776652502485817
1 iDSE 1.3776626576138633 3.8583601547601285
1 iDSE -0.13476008855950805 6.527301983106043
1 iDSE 1.5421535101088981 2.424494765525641
1 iDSE -0.27013604431268057 9.65117213060342
1 iDSE 1.457028090158691 4.531507934483071
1 iDSE -0.16030495670433487 7.771270772492535
1 iDSE 1.5098143325656617 3.256014805858758
1 iDSE -0.07221797934970264 5.7578541242689
1 iDSE 1.6996299848620775 1.995808307833287
1 iDSE 0.8053029792866799 3.9207514301401067
1 iDSE 1.5619342850388387 3.1375947690196737
1 iDSE 1.01910111355867 2.9022103914480137
1 iDSE 1.6099733426185479 2.331276920420871
1 iDSE 1.5124361810132347 1.7005875559398342
1 iDSE 1.8102354984607163 1.4557538028426573
1 iDSE -0.33688681739218274 10.722596910092264
1 iDSE 1.527647773171203 5.128272777601042
1 iDSE -0.1587901455196884 8.391341987606049
1 iDSE 1.5581112686663898 3.723681357278073
1 iDSE -0.03556315611248673 6.111812138718471
1 iDSE 1.7414558348231841 2.315821648117815
1 iDSE -0.1772436039240336 9.216152827053694
1 iDSE 1.6874199350433874 4.467537445755886
1 iDSE -0.028168321124860007 7.276505552553592
1 iDSE 1.7220641867903272 3.2134424712842575
1 iDSE 0.08198965441943984 5.288220989377859
1 iDSE 1.9252265412125404 1.9431974183250516
1 iDSE 1.135171233548654 3.680765469590167
1 iDSE 1.8051163259026248 3.1741810653197264
1 iDSE 1.3230731694565017 2.731611440804723
1 iDSE 1.8475050501001653 2.3524124144567247
1 iDSE 1.932775129678031 1.5370542666587985
1 iDSE 2.055527306920317 1.452429204949401
1 iDSE -0.30830773884799256 8.59058957743201
1 iDSE 1.619960687681711 3.6862501876294314
1 iDSE -0.09867068711215177 2.192210208272878
1 iDSE 1.682582457232495 0.21825255608783256
1 iDSE 0.042043200376869816 0.7786263720438134
1 iDSE 1.8719297212435437 -0.3265491174258133
1 iDSE -0.1547375621314515 7.160657988590241
1 iDSE 1.7479855194620368 3.0164849863065015
1 iDSE 0.00970473720987397 1.6419733563831551
1 iDSE 1.8104650910176265 0.05176651545632449
1 iDSE 0.12782272815549955 0.49377156843418546
1 iDSE 2.0517856906524505 -0.42661792062119286
1 iDSE 0.9542538007225763 2.792420868505712
1 iDSE 1.85514517561302 2.087822191421443
1 iDSE 1.2192734840415982 0.143254320172441
1 iDSE 1.9227580712283379 -0.08907676225616079
1 iDSE 1.9089304939718748 -0.4449904484569498
1 iDSE 2.1513727959545577 -0.49042294537599473
1 iDSE -0.30359981406386327 8.467620748081668
1 iDSE 1.7698647995965184 3.5020904875689878
1 iDSE -0.10689207656843702 2.200123023272197
1 iDSE 1.8082812658389744 0.16694676340873826
1 iDSE 0.03854941380629273 0.7703625730283665
1 iDSE 2.0401725664476262 -0.359584155393468
1 iDSE -0.12418871769798323 7.051631084824468
1 iDSE 1.9742830818644026 2.9207107809606545
1 iDSE 0.046492016500554456 1.623468487346793
1 iDSE 2.0294815680108536 0.01452850823956986
1 iDSE 0.1789712446074161 0.47137073054028433
1 iDSE 2.2562024989100404 -0.4426782475473796
1 iDSE 1.2470997278493816 2.615285594567216
1 iDSE 2.111720485438896 2.0754032100836914
1 iDSE 1.510273561510807 0.07804125637800463
1 iDSE 2.1744016747708343 -0.10725604751609763
1 iDSE 2.2705699040435343 -0.48027909315923945
1 iDSE 2.427297749628359 -0.5027746664340702
1 iDSE -0.31270923001220485 8.497624678040845
1 iDSE 1.6232537630716615 3.6236607772899374
1 iDSE -0.09749841898814804 2.158739362057961
1 iDSE 1.6624942366964324 0.21415681867724357
1 iDSE 0.035068579732905336 0.7670934129345637
1 iDSE 1.8531231926403766 -0.3305539655150327
1 iDSE -0.15881793218930162 7.088857241606382
1 iDSE 1.7251165507085342 2.99054915475428
1 iDSE -0.00018090979797091844 1.632825887605415
1 iDSE 1.8058950569944399 0.038754152895359884
1 iDSE 0.12136158133413177 0.4886222482446485
1 iDSE 2.016097576161047 -0.42741817530043613
1 iDSE 0.9355691681040972 2.743700019296587
1 iDSE 1.819131485869208 2.072179482293774
1 iDSE 1.2216779918038294 0.12486356638809193
1 iDSE 1.9014788027592506 -0.09335546320653998
1 iDSE 1.893780331168594 -0.4488197233163862
1 iDSE 2.1173487761439898 -0.4923452749991898
1 iDSE -0.3124893621348167 8.410215579545724
1 iDSE 1.7702623513800342 3.4451167191320557
1 iDSE -0.11137450048745434 2.170755545269193
1 iDSE 1.8028539519546127 0.1544546244982492
1 iDSE 0.03418700278544495 0.7585670426357023
1 iDSE 2.0467790779342976 -0.36902452132772456
1 iDSE -0.1250400368395016 6.946905748512984
1 iDSE 1.9606786774124645 2.875186772903996
1 iDSE 0.038814347103585334 1.5998596854056517
1 iDSE 2.024216260131021 0.0008040856631885696
1 iDSE 0.18046775279243787 0.4518555989313373
1 iDSE 2.240112372202025 -0.4491579385521488
1 iDSE 1.2164550890171921 2.5835521557222485
1 iDSE 2.0914188671599945 2.049499183616191
1 iDSE 1.4725302570131582 0.06939699694178603
1 iDSE 2.17923404252766 -0.11840539763128743
1 iDSE 2.277718016992624 -0.48774131068040605
1 iDSE 2.4249370345440946 -0.5102232868213393
1 iDSE -0.36615416115325905 10.646376102559545
1 iDSE 0.8986213595285928 6.725167891422033
1 iDSE -0.1931453509624762 8.685293841718616
1 iDSE 0.9293562755945872 5.237948009041472
1 iDSE -0.08948952021149648 6.718619391094841
1 iDSE 1.0822020740657297 3.5916506524591565
1 iDSE -0.2552722654271654 9.434439297338633
1 iDSE 0.959925409672074 5.99312641205675
1 iDSE -0.10949679060674433 7.80184672217983
1 iDSE 0.9862390649065769 4.674778910006507
1 iDSE -0.00820126103426222 6.023978404427138
1 iDSE 1.1393734838197171 3.2163575018452724
1 iDSE 0.588671240271808 4.359719098346897
1 iDSE 0.9934424994384252 3.978797745564804
1 iDSE 0.7300439424083169 3.545500083056117
1 iDSE 1.030566648360196 3.231269150139296
1 iDSE 1.088195173853034 2.4405989589331427
1 iDSE 1.1981424116960904 2.3151521428203155
1 iDSE -0.3634179945539484 10.708733610372143
1 iDSE 0.9472978964355192 6.766355453700334
1 iDSE -0.20036149330811448 8.8326375792328
1 iDSE 0.9800820742531051 5.254649436441728
1 iDSE -0.08852176530789024 6.819842028357322
1 iDSE 1.161321710582846 3.584114065691474
1 iDSE -0.247785599462656 9.501533553549573
1 iDSE 1.0018281089818988 6.056993503533399
1 iDSE -0.10496959365955427 7.9034566961722685
1 iDSE 1.0379039439618922 4.718872682520355
1 iDSE 0.00795561219354024 6.116858104616457
1 iDSE 1.2259585838571496 3.2311266731171813
1 iDSE 0.6736238319863053 4.371350261342863
1 iDSE 1.0534337528305042 4.060345827711512
1 iDSE 0.8052681611905999 3.5617573720237568
1 iDSE 1.0981905766710311 3.2933934596216634
1 iDSE 1.196437029656269 2.446506766953202
1 iDSE 1.2930064507169527 2.3730929014121025
1 iDSE -0.40811458715763005 9.995607316946355
1 iDSE 1.2990076768011893 4.934359634834408
1 iDSE -0.25631705796036575 7.961487233683588
1 iDSE 1.3459655074112615 3.582415883560235
1 iDSE -0.15321443825400027 5.9205599800919675
1 iDSE 1.5092730380990993 2.2420458833221506
1 iDSE -0.2914393866035966 8.76221724507166
1 iDSE 1.4238956570007533 4.225085581914359
1 iDSE -0.17940079378026463 7.047447579794197
1 iDSE 1.451279792888546 3.058287495672505
1 iDSE -0.1026913528568495 5.293187726928451
1 iDSE 1.6272594894443304 1.8653225105931757
1 iDSE 0.7508484065761851 3.67492429306544
1 iDSE 1.5110771298062509 2.9548565228285693
1 iDSE 0.9419902450820852 2.74323862451636
1 iDSE 1.5420567853652432 2.179493944045038
1 iDSE 1.456750391721291 1.576172264298744
1 iDSE 1.736062911886597 1.3491672328105264
1 iDSE -0.3499402302912903 9.72600864778851
1 iDSE 1.4998466229310519 4.723663175968634
1 iDSE -0.17714005229117913 7.655638147814232
1 iDSE 1.5210122620324245 3.437835719532596
1 iDSE -0.05598967749446038 5.586082193036668
1 iDSE 1.7189826168997184 2.1108807858879906
1 iDSE -0.1975200969583525 8.435022097464287
1 iDSE 1.6557492246241612 4.111349221467157
1 iDSE -0.05493037860194161 6.685627342732496
1 iDSE 1.6851467862066984 2.9534032056899657
1 iDSE 0.0543396458779315 4.876335816110498
1 iDSE 1.9050765680847959 1.7713615563447602
1 iDSE 1.0585321124779536 3.4875333697668562
1 iDSE 1.7688697505849578 2.951703203712523
1 iDSE 1.2670336126256867 2.5573205971747797
1 iDSE 1.795937635072058 2.168938389643553
1 iDSE 1.8932422688821782 1.4067407088617823
1 iDSE 2.0256465336505616 1.3271647800347632
1 iDSE -0.32012228943437915 7.571947693396169
1 iDSE 1.6052297833910103 3.357353530318134
1 iDSE -0.11851068624702032 2.002097199328607
1 iDSE 1.652149558783611 0.16502123634861499
1 iDSE 0.005092308312903082 0.6842401440974426
1 iDSE 1.843858025495146 -0.3588452352022795
1 iDSE -0.17991805503657843 6.407865655580141
1 iDSE 1.7195900608600305 2.766220333041186
1 iDSE -0.023043014975107523 1.5075781661759482
1 iDSE 1.8094251480113641 -0.009254571665218703
1 iDSE 0.0975642258986884 0.41318156340411893
1 iDSE 2.0158354886197363 -0.4570461653608403
1 iDSE 0.9017825949072007 2.5493762854737256
1 iDSE 1.8005281155422188 1.917842513494259
1 iDSE 1.1530446642043803 0.08758916804620687
1 iDSE 1.8671463705219389 -0.13325826491854098
1 iDSE 1.8436812578202013 -0.4741801578747764
1 iDSE 2.0885337484355095 -0.5151728160358691
1 iDSE -0.3175731816140296 7.491832805984558
1 iDSE 1.7703422254689745 3.162412768248605
1 iDSE -0.12076171361902033 1.9832144446823268
1 iDSE 1.7987486015927696 0.09665629134552955
1 iDSE 0.02076574634646655 0.6556849125174216
1 iDSE 2.0256740910699214 -0.40180273472597305
1 iDSE -0.13153730644293904 6.252332313033661
1 iDSE 1.9594848602010293 2.641797576758726
1 iDSE 0.025316719388547515 1.4510875385551176
1 iDSE 2.0210422107484627 -0.05299005679678681
1 iDSE 0.1612103436417276 0.3681377516879747
1 iDSE 2.2556353382108747 -0.48383838328669315
1 iDSE 1.201562187660584 2.3835954183646004
1 iDSE 2.085311470252572 1.8833689667230167
1 iDSE 1.4491326883703586 0.020257148201651587
1 iDSE 2.134027229380544 -0.16121992307459165
1 iDSE 2.2332610920544345 -0.5153001520531046
1 iDSE 2.377266772692981 -0.5338565591883031
1 iDSE -0.32520688681250765 7.498139694244204
1 iDSE 1.5770668971546775 3.3282352995221816
1 iDSE -0.12299932596801011 1.984581095356988
1 iDSE 1.6384826929219036 0.15498372204267308
1 iDSE 0.010533960396557296 0.6759961037431692
1 iDSE 1.8169751717442235 -0.3606292768102469
1 iDSE -0.17654104122726477 6.320614788045375
1 iDSE 1.7067751428685711 2.7286039261737254
1 iDSE -0.021589167397788267 1.4772226239025064
1 iDSE 1.782393210564146 -0.009175052532570893
1 iDSE 0.10046726236113623 0.3942915897992365
1 iDSE 1.993554230926367 -0.45935984730532264
1 iDSE 0.8821246041349571 2.5400152399919698
1 iDSE 1.799849793501083 1.8899369044343426
1 iDSE 1.1424893737643007 0.07893938578707638
1 iDSE 1.8881791181501386 -0.14485373348333264
1 iDSE 1.8186864183183094 -0.4780244452667044
1 iDSE 2.0947966861524696 -0.5196209531580585
1 iDSE -0.32176975611334413 7.428229113593051
1 iDSE 1.7676254815890484 3.1096945168742662
1 iDSE -0.12649305782955322 1.9583545540287832
1 iDSE 1.7981195778289631 0.08335335466263061
1 iDSE 0.015573677238861494 0.6452961967195259
1 iDSE 2.015725065620153 -0.4070012158395706
1 iDSE -0.135535403783118 6.200815894347082
1 iDSE 1.956259849515806 2.5878440084429193
1 iDSE 0.014928795826028463 1.442800949696582
1 iDSE 2.0021746792947344 -0.05950689915994456
1 iDSE 0.1574327282727519 0.36090417455733714
1 iDSE 2.2269874953912274 -0.48533933021540343
1 iDSE 1.182893274142959 2.3573436481939543
1 iDSE 2.0886342865504504 1.8495929233961022
1 iDSE 1.4145407843457787 0.015454735089598826
1 iDSE 2.1366388213700924 -0.17130899617171047
1 iDSE 2.2409168450218484 -0.5196628473449325
1 iDSE 2.377384869206088 -0.5382667942816927
1 iDSE -0.3593444194355796 9.090400711516882
1 iDSE 0.9100517358955371 5.868980841315766
1 iDSE -0.18427309976044126 7.551535444436665
1 iDSE 0.9405797256855237 4.664557355522282
1 iDSE -0.08121457342825666 5.969605884138647
1 iDSE 1.0926406647119111 3.2526670735666796
1 iDSE -0.24624014538228212 8.14909027885543
1 iDSE 0.9732283311298651 5.290625002429644
1 iDSE -0.09884057328806117 6.845463830901412
1 iDSE 0.9992666862444943 4.194599625217449
1 iDSE 0.0010272135084066214 5.390551550658613
1 iDSE 1.1509063664780177 2.9233991783971573
1 iDSE 0.6143284800967608 3.9532569890660367
1 iDSE 1.0202794911392226 3.613486560010421
1 iDSE 0.7557655022419276 3.243835182840055
1 iDSE 1.0548839885401926 2.9720789000448913
1 iDSE 1.1154534246631966 2.2529782582370443
1 iDSE 1.2192919069702395 2.145541054622626
1 iDSE -0.3597179153783654 9.138249240798029
1 iDSE 0.9558025928511864 5.889760797458094
1 iDSE -0.19609677061275987 7.657236640408128
1 iDSE 0.9872260748340231 4.658801658465659
1 iDSE -0.08442274939513872 6.029977339109705
1 iDSE 1.1693163105071238 3.2439143624715667
1 iDSE -0.2429831598597132 8.212077257959914
1 iDSE 1.011542453951801 5.321519939428388
1 iDSE -0.10054325952211096 6.9237176319300415
1 iDSE 1.0473598853097275 4.21949631122145
1 iDSE 0.010646412280105766 5.4567676897290776
1 iDSE 1.2304082643040415 2.936199545227802
1 iDSE 0.6907056798555686 3.96017459864379
1 iDSE 1.0726511077077654 3.6737577375000754
1 iDSE 0.8213157889256042 3.258217988296889
1 iDSE 1.1147977634502366 3.016335424801283
1 iDSE 1.2122125597064413 2.25527553467672
1 iDSE 1.304351672707615 2.1809279800323638
1 iDSE -0.40090082079576295 8.579031688703017
1 iDSE 1.3158479696065304 4.318247841754451
1 iDSE -0.24702827282673967 6.95888725896916
1 iDSE 1.3632753177117847 3.2006346036188145
1 iDSE -0.14405905163491006 5.299136060635777
1 iDSE 1.5255160503535317 2.0338336042755123
1 iDSE -0.2829315986384089 7.593101604714949
1 iDSE 1.4395386611761345 3.7320949919782747
1 iDSE -0.16903816307583464 6.20514764032519
1 iDSE 1.4658597022603916 2.749472786305591
1 iDSE -0.09408805838198953 4.763077847448601
1 iDSE 1.6443595333084993 1.693156150463044
1 iDSE 0.77989454223346 3.319792206895264
1 iDSE 1.5414487999522266 2.663849517532068
1 iDSE 0.9719513540831948 2.5037352131449864
1 iDSE 1.5688788541736987 1.994650807378303
1 iDSE 1.4874715882225527 1.4443569419327864
1 iDSE 1.7592750411498779 1.239053694617711
1 iDSE -0.3452671353125335 8.333314932586058
1 iDSE 1.5138696298307956 4.13582071371613
1 iDSE -0.17154554057226312 6.669007123756725
1 iDSE 1.5316912314937707 3.0641657847136994
1 iDSE -0.05085853684876651 4.972768617388704
1 iDSE 1.7331165371947086 1.9085848999246098
1 iDSE -0.19286580055174518 7.31472486408893
1 iDSE 1.6693027705403627 3.6244628672103625
1 iDSE -0.05028897652890374 5.888869325836022
1 iDSE 1.697235220324012 2.642550113254218
1 iDSE 0.05846690844292746 4.377744420636743
1 iDSE 1.914961947298233 1.5970009076208798
1 iDSE 1.0772850659718962 3.1477194047317276
1 iDSE 1.7916837181633025 2.6479434432504596
1 iDSE 1.284514624932072 2.3315138128435784
1 iDSE 1.8165237582602831 1.9730266289390679
1 iDSE 1.9080973134749364 1.288036794563689
1 iDSE 2.0385937219908215 1.206956684783615
1 iDSE -0.3104269904055945 6.716411014805255
1 iDSE 1.6374615608013259 3.0282573856821804
1 iDSE -0.10550077568493899 1.888663446364041
1 iDSE 1.683754206244969 0.1405344265985451
1 iDSE 0.019926424933637943 0.6497089823373048
1 iDSE 1.8748543251025667 -0.36773901978208645
1 iDSE -0.16752672663850132 5.728680127542625
1 iDSE 1.7502958033054985 2.508310906030546
1 iDSE -0.008337292581342193 1.4236641442951843
1 iDSE 1.837414044045652 -0.028102839737654373
1 iDSE 0.1123797836966478 0.387716164456259
1 iDSE 2.050611934848583 -0.46492964727881225
1 iDSE 0.936664012514834 2.346473881309616
1 iDSE 1.836188031938892 1.7613215025333284
1 iDSE 1.193164516582164 0.0698655435873421
1 iDSE 1.8990690891597746 -0.1459817580122491
1 iDSE 1.8895834224116608 -0.47990414558448635
1 iDSE 2.124537840653146 -0.522213404982711
1 iDSE -0.3090315684490095 6.6220918897612675
1 iDSE 1.7992090667938814 2.8396462962216256
1 iDSE -0.11014223030649739 1.8579851190716368
1 iDSE 1.825484198545297 0.07411492821592502
1 iDSE 0.03140390626651901 0.6181172742266756
1 iDSE 2.054678766494666 -0.40916332493123253
1 iDSE -0.12253664681315002 5.575480598581369
1 iDSE 1.9863986306146608 2.385959241990111
1 iDSE 0.035239524184698556 1.3623329418036971
1 iDSE 2.0443373897776946 -0.06967767226218813
1 iDSE 0.17278302013209013 0.3408281845662555
1 iDSE 2.2886652711461952 -0.48812497787417963
1 iDSE 1.2261127418898066 2.1804124316708924
1 iDSE 2.115608413717632 1.7167509199781898
1 iDSE 1.4698324745862448 -0.0005273623062191923
1 iDSE 2.158919793907564 -0.1741466942120018
1 iDSE 2.275580137725403 -0.5202130784932901
1 iDSE 2.415662637841025 -0.5375436073661319
1 iDSE -0.3132244986206253 6.663166992089132
1 iDSE 1.6166055004086326 3.0182268474494007
1 iDSE -0.10758033717664472 1.8711809694490107
1 iDSE 1.6784999251619594 0.13431365673745677
1 iDSE 0.026463237799196238 0.6412094423355519
1 iDSE 1.8548205516060459 -0.36831625070842955
1 iDSE -0.1633180970685979 5.662638313465353
1 iDSE 1.7441119761824533 2.482824682050631
1 iDSE -0.005751809960154564 1.3931293574085242
1 iDSE 1.8179489441314423 -0.02640706535471804
1 iDSE 0.11638784693331727 0.36990414495388424
1 iDSE 2.0318940119329514 -0.46659139938600747
1 iDSE 0.9176427827061013 2.3362488343787757
1 iDSE 1.8393832649155382 1.7382350881194557
1 iDSE 1.183075177015426 0.060395584407296754
1 iDSE 1.9243299932280729 -0.15683794174025512
1 iDSE 1.864896720996685 -0.4830579877923442
1 iDSE 2.135254229865696 -0.5260203256947866
1 iDSE -0.31094809068566553 6.569902927267734
1 iDSE 1.8041689794021893 2.80863117546312
1 iDSE -0.11289845619636119 1.839265076721961
1 iDSE 1.8330983116775417 0.06296425234985525
1 iDSE 0.029763952761426626 0.6078034335802753
1 iDSE 2.0516496760358973 -0.4136324195193305
1 iDSE -0.12415480882008578 5.5265819235250495
1 iDSE 1.9911958360877673 2.345741504031379
1 iDSE 0.027934115114610414 1.3541532426953333
1 iDSE 2.0340954174673445 -0.07512021330310248
1 iDSE 0.16946739392360333 0.33266202921905674
1 iDSE 2.261774528219292 -0.4901002233859686
1 iDSE 1.2101260877877555 2.153395763512703
1 iDSE 2.1222428463214444 1.6922593742307064
1 iDSE 1.439572762764051 -0.006202926000080766
1 iDSE 2.1654680796950037 -0.18331325303281631
1 iDSE 2.281463406948884 -0.5252328642569017
1 iDSE 2.4179984264294667 -0.5426044223352033
