11222222112000000000000000000111100221110
00000000000111111100000000000111100221110
11333333113000000000000000000110000000110
00111111001000000000000000000110000110110
11333333113000000000000000111330000000110
11222222112111111100000000000110022000110
00111111001111111100000000000111100000110
11333333113000000000000000000111122000110
00000000000000000000000000000110000000110
11222222112000000000000000000111100000110
00111111001111111100000000000111111000110
11333333113000000000000000000111111000110
11222222112000000000000000000111122000110
11222222112000000000000000111331100000110
00111111001000000000000000000111122000110
00111111001000000000000000000001100221110
00111111001000000000000000000110000000110
11222222112000000000000000000110022221110
00000000000000000000000000000111122000000
11333333113000000000000000000110022000110
00111111001000000000000000000110011000110
00111111001000000000000000000110022110110
00111111001000000000000000000111100000110
00000000000000000000000000000111100000000
00000000000000000000000000000110011000000
11333333113000000000000000000111100000110
11333333113111111100000000000110011000110
11222222112000000000000000000110022110110
11222222112000000000000000000111111221110
11222222112111111100000000000111111000110
00111111001000000000000000111221100110110
00000000000000000000000000000111111000110
00000000000000000000000000000111100000110
00000000000000000000000000000110011221110
11222222112000000000000000000111111000110
11222222112000000000000000000110011000000
00000000000000000000000000000110022000110
00000000000000000000000000000111122000110
11333333113111111100000000000111100000110
11222222112000000000000000000111111110110
11333333113111111100000000000111111110110
00111111001000000000000000111220000000110
11222222112000000000000000000110000000110
11333333113000000000000000000110022000000
11222222112111111100000000000111100000000
11222222112000000000000000000110000000000
11333333113000000000000000000111111000000
00111111001000000000000000000111100221110
00111111001000000000000000000111100110110
00111111001000000000000000000110000221110
11222222112000000000000000111221100000110
11333333113000000000000000000111111110000
00000000000000000000000000000110000000000
11333333113111111100000000000111100000000
00000000000000000000000000111221122000110
11222222112000000000000000000110011000110
00111111001000000000000000000111111000110
11333333113111111100000000000111100110110
00000000000000000000000000000110011000110
00000000000000000000000000000110022110110
11222222112000000000000000000110022000110
00111111001000000000000000000110011110110
11333333113000000000000000000110000110110
00111111001000000000000000000111111221110
11222222112000000000000000111331111000110
11222222112000000000000000111220000000110
00000000000000000000000000000110011110110
11333333113000000000000000000110000000000
11222222112000000000000000000111100000000
11222222112000000000000000000110000221110
00000000000000000000000000000111111221000
00000000000000000000000000000111100221110
11333333113000000000000000000111100221110
00000000000111111100000000000110000000110
11333333113000000000000000000110011000110
00000000000111111100000000000110011000110
00111111001000000000000000000110011221110
11222222112000000000000000000111111110000
11222222112000000000000000111330000000110
00000000000111111100000000000111111000110
00111111001111111100000000000110022000000
11333333113000000000000000000111122221110
00000000000000000000000000000111122110000
11333333113000000000000000000111111110110
11333333113111111100000000000111122000110
00000000000000000000000000000001100221110
11222222112000000000000000000111122221110
00000000000000000000000000000110022000000
00111111001000000000000000111221100000110
11333333113000000000000000111331100000000
11222222112000000000000000000111100110110
00111111001000000000000000000110022000110
00111111001000000000000000000001100000110
00111111001111111100000000111330000000110
00111111001000000000000000111331122000000
11333333113111111100000000000001111000110
11333333113000000000000000111331122110000
00111111001000000000000000000111100000000
00111111001000000000000000000111122110110
11333333113000000000000000000111122000000
00111111001000000000000000111330000000110
11222222112000000000000000000000000000000
00000000000000000000000000000111122221110
00000000000000000000000000000110000110110
11333333113000000000000000111331100000110
11222222112000000000000000000000022000110
00111111001111111100000000000110022000110
00000000000111111100000000000110011110110
11333333113000000000000000111331100110110
11222222112000000000000000000111111000000
11222222112000000000000000111331100000000
00000000000000000000000000111221100000110
00111111001000000000000000111330022000110
00000000000111111100000000000111100000110
00111111001111111100000000000110000110110
11333333113000000000000000111221100000110
11222222112111111100000000000111100000110
00000000000111111100000000000110022000110
11222222112111111100000000000111100221110
00000000000000000000000000000111111110110
11333333113000000000000000000111100110000
11333333113000000000000000000000011000110
11222222112000000000000000111331100221110
00000000000000000000000000000001100000110
11222222112000000000000000000110000110110
11333333113000000000000000000110000110000
11222222112111111100000000000111111221110
00111111001000000000000000000110011000000
11333333113000000000000000000111100000000
00000000000111111100000000000111122221110
00111111001000000000000000000111111110110
00111111001000000000000000111331111000110
00111111001000000000000000000001111000110
00111111001000000000000000111331122221110
00000000000000000000000000000111111221110
00000000000000000000000000000111122110110
11333333113000000000000000000000022000110
11222222112000000000000000000110022000000
11222222112111111100000000111220000000110
00000000000111111100000000000111111221110
11222222112111111100000000000110011000110
11222222112000000000000000000000011000110
00111111001000000000000000000111122000000
00111111001111111100000000000111122000110
00000000000000000000000000000110000221110
11333333113111111100000000000111111221110
00111111001111111100000000000110000000110
11222222112000000000000000000111100221000
11222222112000000000000000000001100000110
11222222112111111100000000000111100110110
00000000000000000000000000111331100000110
11333333113000000000000000000111100110110
00000000000111111100000000000111122000110
11333333113000000000000000000000000000110
00111111001000000000000000000110000000000
11222222112111111100000000000111122000110
11333333113000000000000000000001100000110
11222222112000000000000000000111122000000
00000000000000000000000000000111100110110
11222222112000000000000000111221100000000
11222222112000000000000000000111100110000
11333333113000000000000000111220022000000
00111111001000000000000000000001122000000
00000000000000000000000000000110022221000
11222222112000000000000000111221100221110
11333333113111111100000000111221100000110
00111111001000000000000000000001122000110
11333333113000000000000000111331122000110
11333333113000000000000000000000000000000
00111111001111111100000000000110000000000
00111111001000000000000000000111122221110
00000000000000000000000000111221111000110
11333333113111111100000000000110000000110
11222222112111111100000000000110000000110
00111111001000000000000000000000022000000
00000000000111111100000000000111122110110
11333333113111111100000000111220000000110
11333333113111111100000000000111111000110
11333333113000000000000000000001100110110
11333333113000000000000000000000011110110
00000000000000000000000000111220000000000
00111111001000000000000000000110000221000
00000000000000000000000000111331111000110
11222222112111111100000000111331100000110
00000000000000000000000000000001111221110
00111111001111111100000000000111100110110
11333333113111111100000000111331100000110
00000000000111111100000000000001111000110
11222222112111111100000000000110011110110
11222222112000000000000000000110000221000
00000000000000000000000000111220011110110
00000000000111111100000000000111100000000
00111111001000000000000000000000011000110
00111111001000000000000000000111122221000
00000000000000000000000000111220022221110
00000000000111111100000000111330000000110
00000000000000000000000000000001122000110
11222222112111111100000000111331111000110
00000000000000000000000000111331100000000
00000000000000000000000000111330022000000
00111111001000000000000000111331100221110
00000000000000000000000000111331122000110
11333333113000000000000000000110022110110
00111111001111111100000000000111111110110
11333333113000000000000000111331122221110
00111111001111111100000000000110011221110
00000000000111111100000000000111111110110
00111111001000000000000000111331100000110
00000000000111111100000000111220022000110
00111111001111111100000000000111100221110
00111111001000000000000000000111122110000
00000000000000000000000000111330011000110
11222222112000000000000000000111122110110
11333333113000000000000000000110011000000
11222222112000000000000000000110011221110
11333333113111111100000000000000022000110
11333333113111111100000000000111100221000
00111111001111111100000000000111100110000
11222222112000000000000000111220000000000
11333333113000000000000000111330011000110
11333333113000000000000000111220000000110
11222222112000000000000000000110011110110
00111111001000000000000000000000022221110
00000000000000000000000000000111111000000
00111111001000000000000000111331122000110
00111111001000000000000000000110022221110
00000000000000000000000000000001111000110
11333333113000000000000000000110022221110
00111111001000000000000000111331111110000
00000000000000000000000000000000000000110
00000000000000000000000000000110000221000
11333333113000000000000000111330022000110
11222222112000000000000000000001111000110
00111111001000000000000000000110022000000
00000000000000000000000000111331122110110
00111111001111111100000000111221100000110
11333333113000000000000000111220022000110
00000000000000000000000000000110022221110
11333333113000000000000000000001100000000
00111111001000000000000000111220000000000
11333333113111111100000000000110000000000
11333333113111111100000000111221100000000
11333333113000000000000000000110000221110
11333333113111111100000000000111111221000
11333333113000000000000000000111111221110
00111111001000000000000000111221111000000
11222222112000000000000000000111122110000
11333333113000000000000000000111122110110
11333333113111111100000000000110022110000
11333333113000000000000000111221122110000
11222222112000000000000000111330022000110
00000000000000000000000000111220000000110
00000000000000000000000000111331111221000
00000000000000000000000000111221100221110
11222222112000000000000000000000022000000
11333333113000000000000000111331111000110
00111111001000000000000000111330011000110
00000000000111111100000000000001122000110
00111111001111111100000000000110011000110
00000000000000000000000000111330000221110
00111111001000000000000000111220000221110
00000000000000000000000000000001100000000
00000000000000000000000000000110022110000
11333333113111111100000000000001100000110
00000000000000000000000000000001122110000
00111111001111111100000000111331122000110
00111111001000000000000000111331111221110
11222222112000000000000000000000000000110
11333333113000000000000000000001111000110
11222222112000000000000000000001100110110
11222222112000000000000000000110000110000
11222222112000000000000000111221111110110
11222222112111111100000000000111122110110
00111111001000000000000000000000000221110
11222222112000000000000000000110011110000
11333333113000000000000000111331111221000
11333333113000000000000000000110011221110
11222222112111111100000000000110000221110
00111111001000000000000000111220022000110
11222222112111111100000000000111122221110
00111111001000000000000000000111100221000
00000000000000000000000000000111100110000
00111111001111111100000000111220011000110
11333333113000000000000000111331111110110
00000000000000000000000000111330022221000
11333333113000000000000000111221100110110
11222222112111111100000000000001122000110
00000000000111111100000000111331100000110
11333333113000000000000000111331122110110
11333333113000000000000000111220022110110
11333333113111111100000000000111111000000
00111111001000000000000000000001100110110
11333333113111111100000000000110000110110
00111111001000000000000000111220011000110
00000000000000000000000000111221100110110
00000000000111111100000000111330000221110
11333333113111111100000000000111100221110
11333333113000000000000000000001122000110
11333333113111111100000000000110022000110
00000000000000000000000000000000011000110
11333333113000000000000000111221122221000
00111111001111111100000000000001122000000
11333333113000000000000000000111122110000
00111111001000000000000000000111111000000
11333333113000000000000000111331111000000
00000000000000000000000000000111100221000
11222222112111111100000000111331100000000
00000000000000000000000000000000022221110
11333333113000000000000000111330000221110
11222222112000000000000000000001122000110
00000000000000000000000000111220000221110
00111111001111111100000000000111122000000
11222222112000000000000000000110011221000
11333333113000000000000000111331100110000
11333333113111111100000000000001122000110
00000000000000000000000000000000000000000
11333333113111111100000000000111122221110
11222222112000000000000000111331100110110
00000000000000000000000000111331122000000
11333333113000000000000000000110011110000
00111111001000000000000000111221122000110
11222222112000000000000000111221100110110
00111111001000000000000000111331111110110
11333333113000000000000000111220011000110
11222222112111111100000000000000000110110
11222222112000000000000000000000000221110
11222222112000000000000000111331122000000
00000000000111111100000000000111111110000
00111111001111111100000000111220022000110
11333333113000000000000000000110011110110
11222222112111111100000000111330000221110
00111111001000000000000000111221122110110
11222222112000000000000000111330000110110
11222222112111111100000000000000000000110
11222222112000000000000000000000022221110
00000000000000000000000000111330022000110
11333333113111111100000000111221122000110
00000000000111111100000000111221100000110
11333333113111111100000000000000011000110
11222222112000000000000000000111111221000
11333333113000000000000000111221100000000
00000000000000000000000000111331111110110
00111111001000000000000000000001100000000
00111111001111111100000000000110000221110
11222222112000000000000000111220000221110
00000000000000000000000000111220022000110
00111111001000000000000000111221100000000
11333333113111111100000000111220022000110
00000000000000000000000000000001111110110
11222222112111111100000000000110000000000
11222222112111111100000000000110022110110
11333333113111111100000000111331100000000
11333333113000000000000000000001122000000
00111111001000000000000000000000000110110
00000000000000000000000000111330000000110
11222222112000000000000000111220000110110
11333333113000000000000000000001100221110
00111111001000000000000000000000000000110
00000000000000000000000000000001111000000
11333333113000000000000000111221122000000
00111111001111111100000000000111122221110
00111111001000000000000000111221111110110
11333333113000000000000000111221111221110
00000000000000000000000000000000022000110
11222222112000000000000000000110022110000
00111111001000000000000000111221100221000
00111111001000000000000000111221122221110
00111111001000000000000000000000000000000
00111111001111111100000000000110011000000
00111111001000000000000000000110011110000
00000000000000000000000000000110011221000
00111111001111111100000000111331111000110
00111111001000000000000000000001122221000
11222222112000000000000000000000011110110
00000000000111111100000000000110000000000
00111111001000000000000000111221111000110
00000000000111111100000000000110011000000
00111111001111111100000000000000011000110
11222222112111111100000000111221111000110
00111111001000000000000000000000022000110
11333333113000000000000000111221122000110
11333333113000000000000000111330000110110
00111111001111111100000000111221100000000
11222222112111111100000000111221100000110
00111111001000000000000000000110022221000
00111111001111111100000000111221122000110
00111111001000000000000000000111100110000
11333333113000000000000000111221111000110
00111111001000000000000000000001111221110
00000000000111111100000000111220011000110
11333333113111111100000000000111122110110
11222222112111111100000000000111122000000
11222222112000000000000000111220011221110
11333333113111111100000000000110000221110
11222222112000000000000000000001100000000
11222222112000000000000000000001100221110
00111111001000000000000000111331100110110
11222222112111111100000000000001100000110
00000000000111111100000000000111100110110
00111111001111111100000000000111100000000
11333333113111111100000000000111111110000
00000000000000000000000000000001122110110
00111111001000000000000000111330011000000
00000000000000000000000000111330000000000
00111111001000000000000000111330022000000
00111111001111111100000000000111111221000
11222222112111111100000000111330022000110
11222222112000000000000000000111122221000
00111111001111111100000000000111122110000
00000000000000000000000000111221100221000
11222222112000000000000000000001111000000
11333333113111111100000000000001100110110
11333333113000000000000000111331111221110
00000000000111111100000000000110011221000
11222222112000000000000000000110022221000
11333333113111111100000000111331111000110
00111111001000000000000000111331111000000
11333333113000000000000000000001100221000
00000000000111111100000000000110000221110
00111111001000000000000000000111111110000
00000000000111111100000000000110011221110
11333333113111111100000000000111122000000
00111111001000000000000000000000000221000
11222222112000000000000000000000000110110
00111111001111111100000000000001100000110
00111111001000000000000000000110011221000
11222222112000000000000000111331100221000
00111111001000000000000000111220000110110
11222222112000000000000000111220022110110
00111111001000000000000000111221100221110
11333333113111111100000000000000000000110
11222222112111111100000000000110011000000
11222222112000000000000000000000011000000
11333333113000000000000000111220011221000
11222222112000000000000000111330000110000
11333333113111111100000000000111122221000
11333333113000000000000000000110022221000
00000000000111111100000000000110000110110
11222222112111111100000000000110000221000
11333333113111111100000000111331100221110
00111111001111111100000000111331100000110
11333333113000000000000000000001111000000
11333333113111111100000000111330000000110
00000000000000000000000000111331100221110
00111111001111111100000000111220022110110
00000000000111111100000000111221111000110
00111111001000000000000000111220022110110
00000000000000000000000000000110000110000
11222222112111111100000000000000022000110
00000000000111111100000000111331111000110
00000000000111111100000000000001100000110
00111111001000000000000000111220011110110
00000000000000000000000000000000022110110
00111111001000000000000000111220022000000
11222222112000000000000000111330000221110
11333333113111111100000000111220011000000
00000000000111111100000000000000011221110
11222222112111111100000000111220000221110
11333333113000000000000000111331100221110
00111111001000000000000000000001111000000
00111111001111111100000000000110022221110
11222222112111111100000000000111111000000
00000000000000000000000000111220000221000
11333333113000000000000000111220000110110
00000000000111111100000000000111111000000
11222222112111111100000000111221122221110
00111111001000000000000000111220022221110
11333333113000000000000000000000011221110
11333333113111111100000000000110000221000
11333333113000000000000000111221111110110
00000000000111111100000000000111122000000
11333333113111111100000000000001100000000
00111111001000000000000000000111111221000
00000000000000000000000000111331100221000
00111111001111111100000000111220000000000
00111111001111111100000000000111122110110
00000000000111111100000000111220000000110
11222222112000000000000000111220011000000
11222222112000000000000000111331122221110
00000000000000000000000000000111111110000
00000000000111111100000000000111100221000
11333333113111111100000000000001111000000
00111111001111111100000000000110011110110
11333333113000000000000000000111100221000
11333333113000000000000000111220000221000
00000000000000000000000000000000011110110
11222222112111111100000000000111100110000
11222222112000000000000000111330000221000
11333333113111111100000000000111100110000
00111111001111111100000000111220000000110
00000000000111111100000000111220000221000
11333333113000000000000000000111111221000
11222222112000000000000000111330000000000
00000000000000000000000000000000000110110
00000000000000000000000000111331111000000
11333333113000000000000000000111122221000
00111111001000000000000000111221111221110
00111111001111111100000000000110011110000
00000000000000000000000000111330011000000
00111111001000000000000000111221100110000
00000000000111111100000000000000000000110
00111111001000000000000000111331100000000
00111111001000000000000000111331122110000
11333333113000000000000000111220000000000
11222222112111111100000000000111111110110
11333333113000000000000000111330000000000
11333333113000000000000000111221111000000
00000000000000000000000000111221122110110
00111111001111111100000000111221111110110
11222222112000000000000000000001122110110
00000000000000000000000000000001122000000
00000000000000000000000000111330022221110
00111111001111111100000000000000000000110
11333333113000000000000000000001111221110
11222222112111111100000000000110000110110
00111111001000000000000000000110000110000
00000000000000000000000000111220011000000
11222222112111111100000000111221122110110
00000000000111111100000000111220000000000
00000000000000000000000000000111122221000
00000000000000000000000000000001100110110
11222222112111111100000000111221122000110
00000000000111111100000000000000000110000
11333333113000000000000000000000000221110
11333333113000000000000000000110011221000
00000000000111111100000000111331122000110
00111111001111111100000000000111111221110
11333333113000000000000000111330011110110
00111111001000000000000000111220000221000
11222222112000000000000000111221100221000
00000000000000000000000000111221122110000
11222222112111111100000000000110022000000
11333333113000000000000000111330022000000
00111111001111111100000000000000022000110
11333333113000000000000000000001122221110
11333333113000000000000000111330022221110
11333333113000000000000000111220011000000
00000000000000000000000000111331100110110
11222222112000000000000000111330022110110
00000000000000000000000000111221111221110
11333333113000000000000000000000022221110
11333333113111111100000000111221100221110
11333333113000000000000000111220011221110
00000000000111111100000000000001111221110
11222222112000000000000000111220011221000
00111111001000000000000000000001122110110
11333333113000000000000000111221100221110
11333333113111111100000000000110022000000
00000000000000000000000000111221122000000
11333333113111111100000000000110011221110
00111111001000000000000000111330022221110
00000000000111111100000000000001122000000
00111111001000000000000000111330000000000
11333333113111111100000000111220000110110
00000000000000000000000000111221111110110
11333333113000000000000000111220000221110
00111111001000000000000000000001100221000
00111111001000000000000000000001111221000
11222222112111111100000000000110011221110
00000000000000000000000000111221111000000
00000000000000000000000000111331122110000
00111111001000000000000000111331122110110
00111111001111111100000000000001122221110
00000000000000000000000000111220011000110
00111111001111111100000000000110022110110
11333333113111111100000000000110011000000
11333333113000000000000000000110000221000
11333333113000000000000000111220000110000
00111111001000000000000000000110022110000
11333333113111111100000000111330011000110
00000000000000000000000000000000022000000
11333333113111111100000000111331122000110
00000000000111111100000000111221100221110
00000000000111111100000000000000011000110
11333333113111111100000000111331100110000
11222222112000000000000000111221122221110
00111111001000000000000000000001111110110
11222222112111111100000000000111100221000
00000000000000000000000000111221100110000
00000000000000000000000000000000011221110
11222222112111111100000000111221100221110
11333333113000000000000000111331100221000
11222222112111111100000000000001111000110
00000000000111111100000000000110022000000
00111111001111111100000000111330000221110
11333333113111111100000000000001122000000
00000000000000000000000000111330022110110
11222222112111111100000000000111111110000
11222222112111111100000000000111122110000
00111111001111111100000000000111111110000
11333333113000000000000000111331122000000
00000000000111111100000000000110000110000
11333333113000000000000000111221100221000
00111111001111111100000000000001122000110
00000000000111111100000000111221122221110
11222222112111111100000000000001100110110
00000000000000000000000000111331111221110
00111111001000000000000000000000011110110
00111111001000000000000000111220011221110
00111111001111111100000000111331100221110
00000000000000000000000000000001100110000
00111111001111111100000000000111111000000
11222222112111111100000000111220011000110
00000000000111111100000000111331100000000
00111111001111111100000000111330022221110
00000000000000000000000000111220011221110
11333333113111111100000000111220011000110
11222222112000000000000000000001122221000
11333333113000000000000000000000011000000
00000000000000000000000000111220022000000
11222222112111111100000000111221100000000
11222222112000000000000000111221122110110
11222222112111111100000000111331100110110
11333333113111111100000000111330022110000
11222222112111111100000000000110022221110
11333333113111111100000000000110022221110
11333333113111111100000000111221111000110
00000000000000000000000000111221100000000
00111111001000000000000000111330022221000
11222222112111111100000000000110022110000
00111111001000000000000000111330000110110
00111111001111111100000000000110022221000
11222222112000000000000000000001122221110
11333333113000000000000000000001111110110
11333333113000000000000000111221122221110
00000000000000000000000000111220000110110
00000000000000000000000000111221122221110
11222222112111111100000000000111111221000
00000000000000000000000000000001111110000
00000000000111111100000000111221122000110
00000000000000000000000000111220011110000
00000000000111111100000000000001122221110
00111111001000000000000000111331100110000
00000000000111111100000000000111100110000
11333333113000000000000000000001111221000
00000000000111111100000000000000000000000
00000000000111111100000000111330022000000
00111111001111111100000000000000000000000
11222222112111111100000000000000000221110
11333333113000000000000000111221122110110
11222222112000000000000000111331111221000
11333333113111111100000000000000000000000
00000000000111111100000000111331122221110
00000000000000000000000000111331122221110
00111111001000000000000000111221122000000
11222222112000000000000000111331111110110
00000000000111111100000000111330000000000
11333333113000000000000000000000000110110
11222222112000000000000000000000022110000
11333333113111111100000000000000022110110
00000000000111111100000000111220000221110
11333333113111111100000000111330022000110
00111111001000000000000000111330011221110
00111111001000000000000000111330022110110
00000000000111111100000000000110022110110
00000000000111111100000000111331100221110
00111111001000000000000000111220011000000
00111111001000000000000000111331100221000
00000000000111111100000000000000022000110
11333333113111111100000000111221100110110
11333333113000000000000000000110022110000
00000000000111111100000000000110022221110
00000000000000000000000000000110011110000
00111111001000000000000000111330022110000
00000000000000000000000000111330011110110
11333333113111111100000000000000000110110
00000000000000000000000000000000000221110
11333333113111111100000000111331100110110
00000000000000000000000000111330000110000
11222222112111111100000000111221111110110
00111111001000000000000000000001100110000
00000000000111111100000000000110011110000
11222222112000000000000000000001111221110
11333333113000000000000000000001122110110
11222222112111111100000000000001100000000
11222222112000000000000000000001122000000
11333333113000000000000000111221111110000
00111111001111111100000000111331100110110
11222222112111111100000000000000000000000
00111111001111111100000000000111100221000
00000000000111111100000000000001100221110
11333333113000000000000000111330011000000
00111111001111111100000000111330022110110
00111111001111111100000000000001100221110
00000000000111111100000000111331122000000
11333333113111111100000000111331111221110
11222222112111111100000000000110000110000
00111111001000000000000000000000022110110
11333333113000000000000000000000000221000
00000000000111111100000000111330011000110
00111111001000000000000000000001111110000
00000000000000000000000000111330011221110
00111111001000000000000000000000011000000
00000000000000000000000000000000000221000
11222222112000000000000000000001100110000
00111111001111111100000000000001100110000
11333333113111111100000000111220000000000
00000000000000000000000000111330000221000
00111111001111111100000000111330022000110
11222222112000000000000000000001111110110
11333333113000000000000000111330022110000
00000000000000000000000000111330022110000
00000000000111111100000000000001100110110
00111111001111111100000000111330000000000
11222222112111111100000000111221111221000
00000000000000000000000000000000011000000
11333333113111111100000000111331122221110
11222222112000000000000000111331111221110
00000000000000000000000000111331100110000
11222222112000000000000000000001100221000
11333333113111111100000000000001111221110
11222222112000000000000000000000022110110
11333333113000000000000000111331111110000
00111111001111111100000000111331100000000
11222222112111111100000000000001111000000
11333333113111111100000000111330000000000
11333333113111111100000000000000011221110
11333333113111111100000000000110022110110
00000000000000000000000000111221122221000
00111111001111111100000000000001111221110
11222222112111111100000000000000011000110
11333333113000000000000000111220022221110
00111111001111111100000000000000000221000
11222222112000000000000000000000011221110
00000000000000000000000000000001111221000
11333333113111111100000000000110011110110
00111111001111111100000000111330000110110
00111111001111111100000000111221111000110
11222222112111111100000000000001100221000
00000000000111111100000000111221100000000
11222222112111111100000000111221122000000
00111111001111111100000000000001111110110
11333333113000000000000000000000022110110
11333333113111111100000000000001100221000
11333333113000000000000000000001111110000
11222222112111111100000000111221111221110
00111111001000000000000000000001122221110
11222222112111111100000000111330000110110
00000000000111111100000000111330022110000
11333333113111111100000000000001100221110
11333333113000000000000000000000011110000
00111111001111111100000000000000011000000
00000000000111111100000000111331100110110
11333333113000000000000000111330022110110
00111111001000000000000000111220011221000
00111111001000000000000000111330000221110
00111111001111111100000000000001111000110
00111111001111111100000000111330011000000
00000000000000000000000000000001122221110
11333333113111111100000000111330000110110
00000000000000000000000000111220011221000
11333333113000000000000000111221100110000
00000000000111111100000000000111111221000
00111111001111111100000000111331122110110
00000000000000000000000000000001122221000
11222222112000000000000000000000022221000
00111111001111111100000000000001100110110
11333333113000000000000000111330000221000
11222222112000000000000000111220000221000
11333333113111111100000000000110000110000
11333333113000000000000000000000022110000
00000000000111111100000000111331122110110
00111111001111111100000000111220022221110
00111111001111111100000000000110000221000
00000000000111111100000000000111122110000
11222222112000000000000000000001111110000
11222222112111111100000000000001100221110
11333333113000000000000000111220022221000
00000000000111111100000000000001111000000
11222222112111111100000000111331122110110
00111111001111111100000000111331111000000
00000000000111111100000000000000022221110
00000000000111111100000000111331111000000
11222222112111111100000000111330000000110
11222222112000000000000000111220000110000
00000000000000000000000000111220022221000
00000000000111111100000000111221100110110
00111111001111111100000000111220022000000
11333333113111111100000000111221111110110
00000000000000000000000000111330000110110
00000000000000000000000000111220022110110
00111111001000000000000000111220022110000
00000000000000000000000000000000022110000
00000000000000000000000000000001100221000
00111111001000000000000000000000000110000
11333333113111111100000000000000022000000
00111111001111111100000000111220011110110
00000000000111111100000000000111122221000
11333333113111111100000000111330022110110
00111111001111111100000000111221122110110
11333333113111111100000000111221122000000
11333333113111111100000000000000011000000
11333333113000000000000000000000011221000
11222222112000000000000000111331100110000
00000000000111111100000000000001100000000
00111111001000000000000000111331122221000
00111111001111111100000000111221100221000
11333333113111111100000000111331111000000
11222222112111111100000000000000022221110
11333333113000000000000000111221111221000
11333333113000000000000000111330011221110
00111111001111111100000000000000011110110
00111111001000000000000000111221111110000
00000000000000000000000000111221111110000
00000000000111111100000000111330022000110
11333333113000000000000000111330000110000
11333333113111111100000000000000011221000
11222222112000000000000000000000000110000
11222222112111111100000000000001111110110
11333333113111111100000000111220011221110
11222222112111111100000000111221100110110
00111111001111111100000000111330011000110
11222222112111111100000000000000000110000
00000000000111111100000000000110000221000
00111111001111111100000000000111122221000
00000000000000000000000000000000000110000
11222222112000000000000000000000011221000
00111111001111111100000000000001100221000
00111111001111111100000000111220000110110
00000000000111111100000000111221111221110
00111111001000000000000000111330011110110
11222222112111111100000000111331111000000
00000000000111111100000000000110022221000
11222222112000000000000000111331122110000
00000000000111111100000000111221122110110
00000000000111111100000000111221122000000
11222222112000000000000000000001111221000
11333333113111111100000000111330011110000
11222222112111111100000000111330000110000
11333333113111111100000000000000022110000
11333333113111111100000000111330022000000
11222222112111111100000000000001122221110
00111111001111111100000000000000000221110
00000000000111111100000000000000000110110
00000000000111111100000000111330000110110
11333333113000000000000000000001122110000
11222222112000000000000000111221100110000
11222222112111111100000000111330022110110
11222222112111111100000000111220022000110
11222222112111111100000000111331100221000
11333333113111111100000000111220000221110
11333333113111111100000000111331122000000
00111111001000000000000000111221111221000
00111111001111111100000000000001111000000
00111111001111111100000000111221111221110
11222222112000000000000000000000000221000
00000000000111111100000000111220022110110
00111111001111111100000000111220000221110
00111111001111111100000000000000011221110
11333333113111111100000000000001122110110
11222222112111111100000000111220000000000
11222222112111111100000000000000011221110
11222222112111111100000000111331111110110
11222222112000000000000000111331122221000
11333333113000000000000000000000000110000
00000000000111111100000000111331111110000
00111111001000000000000000000000011221110
11222222112111111100000000000000022221000
00111111001111111100000000111221100110110
00000000000111111100000000000001122110110
00000000000111111100000000111221100221000
00000000000000000000000000111331111110000
11222222112111111100000000111330000000000
11333333113000000000000000000000022000000
00000000000111111100000000000001100110000
11333333113111111100000000111220022221110
00000000000111111100000000111220022221000
00000000000111111100000000000001111110110
11333333113000000000000000111220011110110
11333333113111111100000000000110011221000
00111111001000000000000000111220011110000
00111111001000000000000000111221122221000
11222222112111111100000000000001122000000
00000000000111111100000000111220000110110
00000000000111111100000000111221111000000
11333333113000000000000000111330011221000
00111111001111111100000000111221122221110
