1
4.371068 0.684671 00000000000000000000000000000111100000000
2.45182 0.765473 00000000000000000000000000000110000000110
2.406529 0.832362 00000000000000000000000000000110011000110
2.402433 0.902628 00000000000000000000000000000110000110110
2.352989 0.973364 00000000000000000000000000000110011110110
2.11246 1.05465 00111111001000000000000000000001100000110
1.789125 1.16545 00111111001000000000000000000111100000110
1.70221 1.28096 00111111001000000000000000000111111000110
1.701375 1.44396 00111111001111111100000000000111111000110
1.654454 1.63873 00111111001000000000000000111331111000110
1.63985 1.72425 00111111001000000000000000000111122000110
1.595292 2.15708 00111111001000000000000000111331122000110
1.545086 3.05825 00111111001000000000000000000111122221110
1.543428 3.23051 00111111001111111100000000000111122221110
1.528657 12.2588 00111111001000000000000000111221111221110
1.528174 12.2703 00111111001000000000000000111331111221110
1.504046 13.2665 00111111001000000000000000111331122221000
1.474472 13.519 00111111001000000000000000111331122221110
